,Date,Open,High,Low,Close,Volume
0,2012-03-09 00:00:00+05:30,1157.7451128098428,1174.6426402237387,1054.304493689103,1066.227294921875,7941567
1,2012-03-12 00:00:00+05:30,1065.6104650833706,1093.5263219453643,996.7871715487207,1014.7125244140625,2970274
2,2012-03-13 00:00:00+05:30,1014.6717549512744,1075.9303009349615,1014.6717549512744,1063.30859375,2523025
3,2012-03-14 00:00:00+05:30,1067.9543437995796,1092.7866257706494,1038.5995186843838,1046.4110107421875,2198401
4,2012-03-15 00:00:00+05:30,1045.917695896347,1055.7848439708407,1033.5837608032296,1042.6697998046875,571247
5,2012-03-16 00:00:00+05:30,1045.9174615697762,1089.49735580185,1021.9484996673758,1066.638427734375,1631266
6,2012-03-19 00:00:00+05:30,1044.2730348870873,1077.1635241748697,1039.33946149392,1065.03515625,575324
7,2012-03-20 00:00:00+05:30,1061.7870668610908,1071.4074930730135,1045.2595187103573,1051.919921875,214823
8,2012-03-21 00:00:00+05:30,1050.6869358528838,1064.0075465958196,1037.7773559365048,1058.457275390625,186596
9,2012-03-22 00:00:00+05:30,1050.028867858717,1064.5828691822553,1030.9934771567594,1034.8170166015625,162355
10,2012-03-23 00:00:00+05:30,1039.3394788375454,1055.1268738096046,1019.5640316737471,1026.7177734375,230145
11,2012-03-26 00:00:00+05:30,1025.3608148876538,1040.1615323439312,1024.5797060603104,1035.556884765625,198871
12,2012-03-27 00:00:00+05:30,1037.7359617488285,1060.7181481423956,1027.8688161847133,1033.99462890625,103574
13,2012-03-28 00:00:00+05:30,1033.9946920216535,1036.0503474729887,1012.5336691844733,1018.0427856445312,149912
14,2012-03-29 00:00:00+05:30,1017.9606114582292,1031.7746566743892,1014.7949220385522,1027.6221923828125,94140
15,2012-03-30 00:00:00+05:30,1031.5277659628857,1053.0299391503809,1025.8952908627962,1044.4783935546875,126223
16,2012-04-02 00:00:00+05:30,1049.4943504627454,1082.0970671268526,1044.1496461038362,1074.408935546875,385598
17,2012-04-03 00:00:00+05:30,1080.452563490608,1088.4696201831753,1069.2286640462526,1075.6011962890625,246259
18,2012-04-04 00:00:00+05:30,1073.0523785474115,1075.519165624532,1054.3459098792478,1062.28076171875,96759
19,2012-04-09 00:00:00+05:30,1059.0327249924362,1059.073878258356,1036.1738925027664,1038.9696044921875,64166
20,2012-04-10 00:00:00+05:30,1040.3671751975098,1045.9174446561806,1026.717643714649,1033.7479248046875,145577
21,2012-04-11 00:00:00+05:30,1037.6949757079358,1064.7884771190897,1032.0213460195564,1044.8897705078125,378709
22,2012-04-12 00:00:00+05:30,1048.1378255176703,1059.5672927821854,1036.8728709550014,1040.6964111328125,150628
23,2012-04-13 00:00:00+05:30,1044.7662035545286,1046.3285216183438,1020.4272654839801,1024.94970703125,140467
24,2012-04-16 00:00:00+05:30,1027.8277007822273,1044.272943994743,1022.1952250567005,1039.2982177734375,90027
25,2012-04-17 00:00:00+05:30,1044.2731232933688,1052.4957463114267,1037.736178143539,1043.9853515625,190928
26,2012-04-18 00:00:00+05:30,1047.1921445879875,1050.8511715066984,1035.2281885187272,1040.94287109375,107360
27,2012-04-19 00:00:00+05:30,1041.7241853982734,1044.1909724343225,1034.4882366096676,1036.6260986328125,65153
28,2012-04-20 00:00:00+05:30,1038.2705703016852,1039.0517797141658,1023.7165676817601,1027.416748046875,87381
29,2012-04-23 00:00:00+05:30,1016.3982913010052,1031.8979137870672,987.6191141323685,997.815185546875,96686
30,2012-04-24 00:00:00+05:30,987.7014565234039,1008.0936021653459,987.7014565234039,997.774169921875,149867
31,2012-04-25 00:00:00+05:30,988.4416985145735,1008.9160541628162,983.5081236775916,987.1260986328125,124153
32,2012-04-26 00:00:00+05:30,1000.0650112099303,1000.0650112099303,961.5817285712591,973.435546875,114835
33,2012-04-27 00:00:00+05:30,961.7067586927325,978.3605515527722,919.9260476204394,927.4808349609375,158682
34,2012-04-30 00:00:00+05:30,948.3085662563344,953.5677126221302,910.0339847327531,913.70703125,141946
35,2012-05-02 00:00:00+05:30,918.3398207390915,934.9519335094604,918.2563632682201,926.5206909179688,181491
36,2012-05-03 00:00:00+05:30,934.1172733094967,942.4650594874189,880.6914417707945,882.9036254882812,261178
37,2012-05-04 00:00:00+05:30,880.7332591579927,886.4096928609208,840.622104095633,844.5038452148438,298706
38,2012-05-07 00:00:00+05:30,839.0776812547484,866.5001362857687,818.0829803083366,859.4879760742188,137919
39,2012-05-08 00:00:00+05:30,859.4465042264169,870.256848295886,849.0952273291756,852.6012573242188,82846
40,2012-05-09 00:00:00+05:30,851.4741507443615,865.6653865901009,847.3419865873457,861.574951171875,90639
41,2012-05-10 00:00:00+05:30,864.9976525036178,876.4341818918094,858.1525078900763,861.7003173828125,47096
42,2012-05-11 00:00:00+05:30,860.9907850472488,862.7437999643694,834.7787130763129,838.5352172851562,44853
43,2012-05-14 00:00:00+05:30,842.0412119963419,848.9281356752364,830.6047346060693,836.6986083984375,88792
44,2012-05-15 00:00:00+05:30,832.2742973550395,838.9525264210779,818.0830605897078,834.069091796875,74602
45,2012-05-16 00:00:00+05:30,830.4377175751711,832.0238172505959,816.9978028760723,821.422119140625,96969
46,2012-05-17 00:00:00+05:30,825.4708566720186,833.5264911126849,801.8883595524059,804.97705078125,102415
47,2012-05-18 00:00:00+05:30,801.3457990965022,801.3875278400745,784.6919543434063,789.9510498046875,137655
48,2012-05-21 00:00:00+05:30,790.5353448531993,800.0518414017798,777.3458529856271,780.267578125,46774
49,2012-05-22 00:00:00+05:30,792.1631654416185,794.6675012504118,751.3842001179297,760.06591796875,126449
50,2012-05-23 00:00:00+05:30,755.4746499210933,758.7303069143503,727.175634366916,732.9773559570312,121449
51,2012-05-24 00:00:00+05:30,733.7286999151576,769.248521055324,731.3495502073661,740.9077758789062,314485
52,2012-05-25 00:00:00+05:30,752.3859663542853,762.7789704510095,741.2834208049209,748.7546997070312,208650
53,2012-05-28 00:00:00+05:30,756.226008481507,756.226008481507,740.4486714270191,745.5825805664062,84687
54,2012-05-29 00:00:00+05:30,746.2920717853268,756.0589916398,742.2016362464349,750.3825073242188,90301
55,2012-05-30 00:00:00+05:30,745.03994140625,750.3825451199214,717.9096354166667,719.99658203125,75822
56,2012-05-31 00:00:00+05:30,716.2399847241036,792.1213741154191,699.544413984614,781.8118286132812,866490
57,2012-06-01 00:00:00+05:30,776.3442451800432,830.6048644668205,776.3442451800432,797.631103515625,1174037
58,2012-06-04 00:00:00+05:30,791.4118980898555,825.5126369070157,775.1754429695176,808.5665893554688,367020
59,2012-06-05 00:00:00+05:30,809.0257953608999,841.456927390399,803.2240732209651,830.7300415039062,407654
60,2012-06-06 00:00:00+05:30,838.9524945273176,849.721158867259,827.3490515858566,832.1072998046875,266389
61,2012-06-07 00:00:00+05:30,836.448192973613,875.5993313683844,836.448192973613,871.7175903320312,325109
62,2012-06-08 00:00:00+05:30,863.9959201090243,874.3471959573357,852.3507475173856,861.6168212890625,122236
63,2012-06-11 00:00:00+05:30,867.2933416093767,874.8481300580592,835.6135288054554,842.6674194335938,91388
64,2012-06-12 00:00:00+05:30,838.9526403169906,863.1612239679287,835.6135253306544,849.5960693359375,101403
65,2012-06-13 00:00:00+05:30,855.6063665463726,868.5454360748952,851.5577103323027,855.8986206054688,73203
66,2012-06-14 00:00:00+05:30,856.4828771501129,873.7627540863258,840.6220831288146,850.5559692382812,98295
67,2012-06-15 00:00:00+05:30,855.0219998253732,867.2932047541619,838.9525114225044,846.7159423828125,63222
68,2012-06-18 00:00:00+05:30,855.6898999932104,858.8203199455269,835.6134326050109,836.8656005859375,48277
69,2012-06-19 00:00:00+05:30,841.4569085146546,868.1698262452785,835.6134577610806,849.0951538085938,126845
70,2012-06-20 00:00:00+05:30,851.8916444155174,863.7872406261212,845.6725330485762,847.8012084960938,40654
71,2012-06-21 00:00:00+05:30,849.01162323291,857.3176810633718,839.7873292597391,844.7542724609375,45454
72,2012-06-22 00:00:00+05:30,843.9612215056031,883.1958183510665,843.9612215056031,873.6793212890625,275570
73,2012-06-25 00:00:00+05:30,882.361027453629,893.0044551736232,861.9089506583463,869.3385009765625,125494
74,2012-06-26 00:00:00+05:30,867.7942038035139,876.9349894439903,855.6899131353199,861.6168212890625,63549
75,2012-06-27 00:00:00+05:30,861.4915486317691,870.1732667890161,856.4828768373984,859.4046020507812,46337
76,2012-06-28 00:00:00+05:30,860.6568073800394,878.98015839627,855.6899150622381,866.750732421875,61815
77,2012-06-29 00:00:00+05:30,872.4270817905376,897.3869819478421,868.6705781451745,885.3661499023438,89598
78,2012-07-02 00:00:00+05:30,889.8740568704044,897.3036073690793,880.7332712495327,886.9523315429688,61623
79,2012-07-03 00:00:00+05:30,890.0826508087408,900.7260775827727,887.3696204545759,888.9139404296875,57357
80,2012-07-04 00:00:00+05:30,892.3782975705478,893.8809397677285,869.8392760229287,874.5974731445312,60183
81,2012-07-05 00:00:00+05:30,881.4427630642216,885.9922657713253,870.7993356854741,874.0549926757812,35393
82,2012-07-06 00:00:00+05:30,876.5175377864424,944.8024686337176,874.6392859197572,935.2025146484375,541485
83,2012-07-09 00:00:00+05:30,922.5139565294603,978.1519794082513,878.2706837249906,955.6964111328125,441091
84,2012-07-10 00:00:00+05:30,960.037137333288,983.3273779669589,958.3258005002936,965.379638671875,246350
85,2012-07-11 00:00:00+05:30,988.0856824958181,1075.194806576894,937.4563414486428,942.2145385742188,1977286
86,2012-07-12 00:00:00+05:30,948.9345542257903,959.1605918675461,919.5920666529871,923.8077392578125,709605
87,2012-07-13 00:00:00+05:30,939.1259076088445,944.1345791160917,926.8129234868619,929.7764282226562,172307
88,2012-07-16 00:00:00+05:30,907.4043783662319,937.4564092964843,907.4043783662319,917.839111328125,124913
89,2012-07-17 00:00:00+05:30,922.4303790928967,930.5276909812725,907.9886681437084,917.2130126953125,171269
90,2012-07-18 00:00:00+05:30,909.9087704908244,943.2999180317721,901.6444410941008,930.0269165039062,344323
91,2012-07-19 00:00:00+05:30,937.4146118728221,949.1432922608184,928.482521387067,936.2042236328125,218475
92,2012-07-20 00:00:00+05:30,927.4392027769403,929.818301863669,906.6949709619553,919.3001098632812,144859
93,2012-07-23 00:00:00+05:30,914.1245017868629,925.1435404157494,899.8914834813245,903.7314453125,89321
94,2012-07-24 00:00:00+05:30,905.2340844792271,916.5452752457495,897.3871439563845,900.26708984375,61240
95,2012-07-25 00:00:00+05:30,901.5608247254183,904.8581592033264,879.0218041072828,897.8043212890625,78842
96,2012-07-26 00:00:00+05:30,901.7277985770519,907.4043337901386,884.907091390146,892.6704711914062,82392
97,2012-07-27 00:00:00+05:30,901.6028140752248,901.6028140752248,846.4656378324597,852.434326171875,121486
98,2012-07-30 00:00:00+05:30,862.9524542316736,863.1611489001698,839.9960406970946,855.314208984375,72133
99,2012-07-31 00:00:00+05:30,863.7037494731113,872.2602306244194,855.0638108372505,858.7367553710938,82222
100,2012-08-01 00:00:00+05:30,859.8219597100662,888.204432166515,859.8219597100662,878.35400390625,139214
101,2012-08-02 00:00:00+05:30,896.552274714348,903.6478932758674,877.3523656655304,882.9871215820312,165287
102,2012-08-03 00:00:00+05:30,883.1956892020254,888.2043604073299,856.482776107068,879.1470336914062,59349
103,2012-08-06 00:00:00+05:30,893.4636110410265,909.9087093390477,891.8775112590887,905.9852905273438,136429
104,2012-08-07 00:00:00+05:30,889.1227492908808,926.2704004507431,869.0046035374515,917.6722412109375,131986
105,2012-08-08 00:00:00+05:30,929.1084084458815,959.9117534188948,916.5032743180989,957.073486328125,208804
106,2012-08-09 00:00:00+05:30,959.9955209168008,980.0302100489776,959.9955209168008,974.5206909179688,246252
107,2012-08-10 00:00:00+05:30,975.856230175477,979.9466658918797,944.0928621622974,947.0145874023438,83320
108,2012-08-13 00:00:00+05:30,902.7295278730592,975.0213286032009,902.7295278730592,969.0944213867188,104222
109,2012-08-14 00:00:00+05:30,970.0128407614948,983.3692998425481,953.4007243990956,961.0807495117188,78364
110,2012-08-16 00:00:00+05:30,962.4997667684361,984.7048580932504,959.99543086184,981.741455078125,100505
111,2012-08-17 00:00:00+05:30,987.5432036700788,994.2214332806964,957.2406960512226,960.2876586914062,171650
112,2012-08-21 00:00:00+05:30,963.9608617627691,978.9868808246699,962.2495243867006,975.2721557617188,63417
113,2012-08-22 00:00:00+05:30,976.2737755469001,980.8650588008616,970.0129347460435,974.1868286132812,73698
114,2012-08-23 00:00:00+05:30,961.7068255437398,988.0858116293916,944.2181509387194,971.0145263671875,91967
115,2012-08-24 00:00:00+05:30,968.3432796084812,978.6110982477666,958.3677150318134,966.8406372070312,49939
116,2012-08-27 00:00:00+05:30,971.7659006115917,973.685932454036,937.0809054711802,942.5486450195312,70638
117,2012-08-28 00:00:00+05:30,943.3001071038633,943.3418868073418,918.2567414285395,921.5540771484375,67115
118,2012-08-29 00:00:00+05:30,922.388589796549,953.3171782400555,910.4095370527665,942.5068359375,171809
119,2012-08-30 00:00:00+05:30,936.2461479950996,959.9121051816046,932.0722542443332,957.2825317382812,65734
120,2012-08-31 00:00:00+05:30,958.7435274784883,968.3434844362615,951.2305176854483,955.2791748046875,72407
121,2012-09-03 00:00:00+05:30,961.4979085699324,984.2038428087533,961.4143491993324,973.0595703125,85636
122,2012-09-04 00:00:00+05:30,976.6909775041473,978.7779240372759,964.7119247843269,970.7222900390625,23953
123,2012-09-05 00:00:00+05:30,968.343302824772,983.3693195927425,968.343302824772,979.5293579101562,52422
124,2012-09-06 00:00:00+05:30,980.9067015769905,1000.8996096495982,980.9067015769905,987.1675415039062,155161
125,2012-09-07 00:00:00+05:30,994.430011987284,1000.8995461681037,983.3691954845923,990.0474243164062,78300
126,2012-09-10 00:00:00+05:30,989.2126613514573,992.4683183387741,970.8475317736244,974.562255859375,33953
127,2012-09-11 00:00:00+05:30,978.7779385814353,993.3865645304119,978.2770917863793,980.197021484375,53823
128,2012-09-12 00:00:00+05:30,981.7415721374098,1003.7379714261115,976.2319509646001,993.9293212890625,88499
129,2012-09-13 00:00:00+05:30,1004.4891275629013,1061.838376475055,1000.8995388314393,1047.8558349609375,378894
130,2012-09-14 00:00:00+05:30,1060.56361337043,1088.2016382047123,1050.5820152621707,1075.0745849609375,305928
131,2012-09-17 00:00:00+05:30,1077.9684837371742,1114.6654609519578,1077.8426450513568,1098.5606689453125,196331
132,2012-09-18 00:00:00+05:30,1103.8448597786762,1105.3965968920904,1078.010151891246,1084.6365966796875,79622
133,2012-09-20 00:00:00+05:30,1065.3028276568523,1086.8176597070787,1065.3028276568523,1071.5517578125,80000
134,2012-09-21 00:00:00+05:30,1077.842685684605,1089.627699196594,1077.842685684605,1084.594970703125,67047
135,2012-09-24 00:00:00+05:30,1090.3823008851414,1139.912767847002,1084.2172302348295,1122.382080078125,271444
136,2012-09-25 00:00:00+05:30,1128.1697182624362,1134.6283440945615,1091.3050312503751,1105.3966064453125,115841
137,2012-09-26 00:00:00+05:30,1102.1674189067753,1117.1817444066348,1086.230447096099,1089.9630126953125,64007
138,2012-09-27 00:00:00+05:30,1090.4244046682697,1107.2001647400893,1032.5900127771174,1055.1114501953125,191466
139,2012-09-28 00:00:00+05:30,1065.1348579933658,1090.3404768511919,1058.7600900506052,1075.116455078125,136386
140,2012-10-01 00:00:00+05:30,1082.0367300411506,1085.7274184357966,1073.7746871155746,1077.9686279296875,37094
141,2012-10-03 00:00:00+05:30,1079.6459324440345,1086.9853270209687,1040.935847997183,1044.1651611328125,84865
142,2012-10-04 00:00:00+05:30,1048.485102806036,1099.6511758229703,1048.485102806036,1084.594970703125,273243
143,2012-10-05 00:00:00+05:30,1116.5108183730486,1173.4645507872676,1108.919847509922,1119.9498291015625,355098
144,2012-10-08 00:00:00+05:30,1119.8658194926666,1148.9718240379543,1108.2486263662174,1139.0321044921875,147614
145,2012-10-09 00:00:00+05:30,1140.7516283290447,1213.6842006690797,1136.6415468369905,1200.5572509765625,771868
146,2012-10-10 00:00:00+05:30,1183.6138401235942,1211.5455241656084,1172.7934534050157,1182.94287109375,369558
147,2012-10-11 00:00:00+05:30,1189.065757214879,1204.9188696784274,1170.947958281298,1176.9453125,210531
148,2012-10-12 00:00:00+05:30,1174.303333888185,1189.2338029469279,1173.4645457925508,1176.73583984375,111354
149,2012-10-15 00:00:00+05:30,1176.8195675574063,1195.1890452911582,1173.8838095485319,1175.435546875,86181
150,2012-10-16 00:00:00+05:30,1182.3975657814592,1182.6911211134413,1157.4854998807825,1162.9376220703125,75449
151,2012-10-17 00:00:00+05:30,1172.5418226946238,1173.2547720510693,1147.4620397968633,1155.3046875,50679
152,2012-10-18 00:00:00+05:30,1157.5274838602681,1188.3949243863221,1153.333543701354,1170.5706787109375,118845
153,2012-10-19 00:00:00+05:30,1174.3032028598857,1184.7880528854205,1162.0569185082838,1174.093505859375,68038
154,2012-10-22 00:00:00+05:30,1177.6163619375843,1191.0789501830704,1159.4147034440487,1172.70947265625,101600
155,2012-10-23 00:00:00+05:30,1175.1420950348231,1179.1683187579868,1161.721485812441,1168.8092041015625,43275
156,2012-10-25 00:00:00+05:30,1195.272853078177,1195.272853078177,1165.9152742306428,1171.0318603515625,69947
157,2012-10-29 00:00:00+05:30,1153.3336244622985,1169.7319725883758,1125.6536174752034,1130.14111328125,57617
158,2012-10-30 00:00:00+05:30,1132.4057999347262,1156.5628333177117,1132.321839220384,1145.8682861328125,69324
159,2012-10-31 00:00:00+05:30,1154.1724394910127,1181.8524471241547,1146.6233465001558,1178.28759765625,120699
160,2012-11-01 00:00:00+05:30,1174.261436352554,1202.5705365769754,1159.2052299303884,1177.6585693359375,144551
161,2012-11-02 00:00:00+05:30,1180.5940926036544,1198.6280343379199,1180.5940926036544,1188.059326171875,73220
162,2012-11-05 00:00:00+05:30,1189.569064188457,1229.6631703161931,1189.4433279052012,1211.1259765625,273686
163,2012-11-06 00:00:00+05:30,1216.074950403557,1221.443111986635,1194.4341778539688,1205.8416748046875,69436
164,2012-11-07 00:00:00+05:30,1209.5323038539457,1243.9226120772546,1207.0159398376059,1237.5897216796875,190456
165,2012-11-08 00:00:00+05:30,1232.1795246894867,1253.1492238843384,1225.3853626285766,1236.8348388671875,127843
166,2012-11-09 00:00:00+05:30,1234.6959420338735,1270.7638262101348,1234.276548031824,1256.8399658203125,292831
167,2012-11-12 00:00:00+05:30,1270.7638479208692,1333.5890909794705,1259.0208156628546,1324.278564453125,385801
168,2012-11-15 00:00:00+05:30,1343.8876064387891,1365.8631270472222,1316.1646007087866,1323.4757080078125,188301
169,2012-11-16 00:00:00+05:30,1342.0279794035732,1342.0279794035732,1284.7225506756758,1290.005126953125,89410
170,2012-11-19 00:00:00+05:30,1291.4843160368237,1298.4996189712892,1246.6880668549181,1253.9146728515625,59947
171,2012-11-20 00:00:00+05:30,1259.3663136831708,1324.405358210301,1255.0979503431736,1293.3861083984375,273845
172,2012-11-21 00:00:00+05:30,1286.4127087084073,1301.3729203582222,1259.5349249041708,1266.169921875,101704
173,2012-11-22 00:00:00+05:30,1276.0592039820965,1300.697161888947,1272.4670518927283,1285.229736328125,118654
174,2012-11-23 00:00:00+05:30,1266.2548394028142,1297.4008923061733,1266.2548394028142,1283.0745849609375,69271
175,2012-11-26 00:00:00+05:30,1287.4697090922557,1292.7522862672608,1275.8480393072443,1281.55322265625,47749
176,2012-11-27 00:00:00+05:30,1284.7227245896213,1314.2206551511204,1282.7364962754866,1298.16162109375,105046
177,2012-11-29 00:00:00+05:30,1301.5845837512618,1335.3930742872244,1297.4008243175665,1301.0352783203125,125050
178,2012-11-30 00:00:00+05:30,1306.4868816081603,1365.6940430831442,1305.8952742823824,1349.635009765625,259868
179,2012-12-03 00:00:00+05:30,1354.706047856065,1355.7202611454018,1307.2050640828174,1323.306396484375,94701
180,2012-12-04 00:00:00+05:30,1330.6598618953165,1335.435331659416,1307.5433278969094,1314.3895263671875,76573
181,2012-12-05 00:00:00+05:30,1320.2215138580113,1334.928227413133,1289.4135690973305,1296.8936767578125,111242
182,2012-12-06 00:00:00+05:30,1302.4719968834322,1310.501512762986,1293.3014651718472,1307.796875,90235
183,2012-12-07 00:00:00+05:30,1311.6003772735673,1320.052499557389,1294.527028355055,1301.838134765625,52247
184,2012-12-10 00:00:00+05:30,1301.6268317085296,1310.0789539923512,1286.4130115976507,1301.838134765625,35547
185,2012-12-11 00:00:00+05:30,1307.5008331182798,1308.726452583736,1277.1154990147554,1283.45458984375,50004
186,2012-12-12 00:00:00+05:30,1234.0098919410043,1287.2582639905136,1233.9675900581371,1266.04345703125,80704
187,2012-12-13 00:00:00+05:30,1263.592367338928,1280.4966130558366,1263.592367338928,1269.0439453125,59443
188,2012-12-14 00:00:00+05:30,1271.199110027336,1299.9363239508264,1269.5086856788955,1275.4251708984375,84151
189,2012-12-17 00:00:00+05:30,1272.2133663616655,1287.004579910401,1255.9430314580568,1268.1986083984375,71836
190,2012-12-18 00:00:00+05:30,1283.032217303224,1283.032217303224,1253.4497880505146,1261.5216064453125,48856
191,2012-12-19 00:00:00+05:30,1263.8036440943304,1278.383555721568,1259.3662796860406,1263.42333984375,45331
192,2012-12-20 00:00:00+05:30,1251.716855808084,1298.2881264566456,1242.4618243053205,1272.9317626953125,286031
193,2012-12-21 00:00:00+05:30,1277.96083148083,1292.5830436402543,1259.3661632979079,1265.1136474609375,158379
194,2012-12-24 00:00:00+05:30,1258.4787835969043,1275.3408304956179,1243.391765027244,1247.74462890625,44547
195,2012-12-26 00:00:00+05:30,1251.9705344483198,1263.5922018567007,1243.3071096529811,1246.1385498046875,38430
196,2012-12-27 00:00:00+05:30,1254.844456951515,1254.886655661153,1237.3908023893048,1246.392333984375,63881
197,2012-12-28 00:00:00+05:30,1250.660407074332,1261.0565580387445,1244.4059195546051,1252.7734375,64031
198,2012-12-31 00:00:00+05:30,1255.1401337167702,1266.9731046743693,1238.3626919583808,1245.1243896484375,65031
199,2013-01-01 00:00:00+05:30,1255.0977093781758,1263.1272246016908,1246.7301918433911,1254.08349609375,35247
200,2013-01-02 00:00:00+05:30,1259.365975357156,1265.874066979821,1239.2498869638812,1241.996826171875,75238
201,2013-01-03 00:00:00+05:30,1248.8433370208459,1249.2659431241084,1217.1055773957123,1221.8387451171875,78384
202,2013-01-04 00:00:00+05:30,1217.9506790518556,1224.1207688695702,1190.946192774646,1198.9757080078125,163191
203,2013-01-07 00:00:00+05:30,963.7109642721214,1233.1646703088438,963.7109642721214,1201.7650146484375,150936
204,2013-01-08 00:00:00+05:30,1201.0465272370134,1222.8952418089007,1200.1590131635096,1215.9222412109375,66917
205,2013-01-09 00:00:00+05:30,1203.751185715724,1226.4029141668798,1199.3561235029651,1204.55419921875,63246
206,2013-01-10 00:00:00+05:30,1205.3149528852289,1212.879561142785,1184.1423450599593,1187.7344970703125,66950
207,2013-01-11 00:00:00+05:30,1184.1424650931388,1198.1307703156567,1169.942856789769,1177.7188720703125,46863
208,2013-01-14 00:00:00+05:30,1180.6769071947667,1183.2970443006552,1145.4737994917593,1150.671875,87228
209,2013-01-15 00:00:00+05:30,1154.6445124966576,1205.6953564983557,1153.9684045559402,1198.46875,192149
210,2013-01-16 00:00:00+05:30,1198.468676891407,1203.5822523093398,1169.9427632569689,1174.5914306640625,87394
211,2013-01-17 00:00:00+05:30,1182.45166579823,1182.5784682416313,1160.645153493375,1167.06884765625,32972
212,2013-01-18 00:00:00+05:30,1181.6068888490895,1198.4266355843693,1179.071251748555,1185.579345703125,65542
213,2013-01-21 00:00:00+05:30,1185.8325398305444,1207.8080537547028,1181.606479460514,1183.4237060546875,111143
214,2013-01-22 00:00:00+05:30,1185.832728495344,1195.4681683070628,1174.8449697851236,1183.5928955078125,61044
215,2013-01-23 00:00:00+05:30,1184.142480549502,1190.566073656174,1154.6445494425025,1160.7723388671875,59918
216,2013-01-24 00:00:00+05:30,1166.3929851707103,1166.3929851707103,1152.0243759331001,1158.10986328125,102906
217,2013-01-25 00:00:00+05:30,1158.025338964891,1162.9698102308982,1149.319714275037,1153.33447265625,48368
218,2013-01-28 00:00:00+05:30,1161.3215651922014,1203.582175279254,1159.8001419589405,1189.5938720703125,150525
219,2013-01-29 00:00:00+05:30,1195.1299627537594,1198.5108113046895,1179.62034066143,1190.777099609375,101624
220,2013-01-30 00:00:00+05:30,1187.52319409249,1201.8918021348902,1085.9709230871674,1196.905029296875,81620
221,2013-01-31 00:00:00+05:30,1195.9331478533552,1212.7951957813925,1170.6190797809334,1200.7086181640625,60051
222,2013-02-01 00:00:00+05:30,1206.3291382995594,1206.3714401805928,1174.844983174908,1178.8597412109375,59271
223,2013-02-04 00:00:00+05:30,1184.1847088530901,1190.396998490131,1141.8817928729009,1146.27685546875,68459
224,2013-02-05 00:00:00+05:30,1146.2345545288824,1146.2345545288824,1119.9061736602218,1125.52685546875,111190
225,2013-02-06 00:00:00+05:30,1140.9941168455825,1152.4467829110465,1132.6687976847713,1136.4300537109375,54489
226,2013-02-07 00:00:00+05:30,1136.8104149070946,1143.6144144225766,1121.3852921769426,1133.640869140625,105620
227,2013-02-08 00:00:00+05:30,1140.1913192579561,1173.1545968347245,1132.584409047933,1142.43115234375,155150
228,2013-02-11 00:00:00+05:30,1153.7148314039582,1154.1374375693076,1120.4557468260243,1127.470947265625,135674
229,2013-02-12 00:00:00+05:30,1132.584374884756,1132.584374884756,1074.2647317003916,1079.9276123046875,144802
230,2013-02-13 00:00:00+05:30,1098.775859993232,1098.775859993232,1005.8025179938046,1014.67724609375,277765
231,2013-02-14 00:00:00+05:30,1031.158887171141,1032.0040993737402,981.6294727338858,987.1233520507812,193698
232,2013-02-15 00:00:00+05:30,991.4761198245923,1021.0162421838786,977.0652118911951,1005.6334228515625,133178
233,2013-02-18 00:00:00+05:30,1004.8727818347102,1034.9623148195542,1004.8727818347102,1028.0316162109375,60287
234,2013-02-19 00:00:00+05:30,1017.6355176288026,1030.060096050654,1008.633986808733,1022.4531860351562,74385
235,2013-02-20 00:00:00+05:30,1026.0874651260015,1034.539585926051,1020.1709805659667,1025.199951171875,35742
236,2013-02-21 00:00:00+05:30,977.1919758541035,1022.7066261428376,977.1919758541035,1009.3522338867188,39836
237,2013-02-22 00:00:00+05:30,1011.8458825701364,1018.6497793907295,993.124410285853,999.8861083984375,53346
238,2013-02-25 00:00:00+05:30,1003.0133562125469,1016.0296457624459,977.192183354874,982.6015625,29926
239,2013-02-26 00:00:00+05:30,974.7410099508502,982.6015250059716,946.6377031389136,949.17333984375,40085
240,2013-02-27 00:00:00+05:30,954.7095152800982,963.4996399282826,911.1387835711103,945.7501831054688,72866
241,2013-02-28 00:00:00+05:30,948.49704347115,1012.0992584299639,865.4972507352215,971.0642700195312,654002
242,2013-03-01 00:00:00+05:30,976.5580387040735,976.6848411486458,918.3229068997603,926.3101196289062,149090
243,2013-03-04 00:00:00+05:30,917.2243816904535,923.690276667253,873.822749064346,902.2218627929688,148091
244,2013-03-05 00:00:00+05:30,905.8138217649403,912.6178208566868,890.0083957972597,891.8256225585938,138395
245,2013-03-06 00:00:00+05:30,895.9249826009423,909.5751810369552,890.8537091145218,894.2345581054688,174870
246,2013-03-07 00:00:00+05:30,857.8903524291649,879.0206566761887,854.7208067921114,859.2849731445312,551236
247,2013-03-08 00:00:00+05:30,859.6230468716672,874.7946159882216,805.1914128294394,816.263671875,1077505
248,2013-03-11 00:00:00+05:30,818.8838576544948,839.2535035802848,809.4597721360911,827.4205322265625,253555
249,2013-03-12 00:00:00+05:30,818.5458819701267,836.7601971563505,785.2022456143935,787.8646850585938,397826
250,2013-03-13 00:00:00+05:30,787.9068066261538,802.9093228613801,779.3701326326698,785.7515258789062,382664
251,2013-03-14 00:00:00+05:30,792.8090259116767,792.8090259116767,753.3798570263156,755.6196899414062,382372
252,2013-03-15 00:00:00+05:30,759.845820816618,766.607518888401,743.7867878961333,747.6747436523438,314120
253,2013-03-18 00:00:00+05:30,741.3780485773026,758.5358493151497,736.1799718835852,749.9146728515625,283487
254,2013-03-19 00:00:00+05:30,756.6339950728888,769.1008754070504,749.0693353322553,764.0296020507812,306927
255,2013-03-20 00:00:00+05:30,769.9884136946221,775.9048998591252,742.2232099719843,748.3932495117188,282027
256,2013-03-21 00:00:00+05:30,760.6909315967213,765.7622044740327,723.6283996200988,741.4201049804688,297968
257,2013-03-22 00:00:00+05:30,735.3768305117134,743.7867018329238,706.5973667412776,720.4165649414062,162317
258,2013-03-25 00:00:00+05:30,736.8560075921158,742.0963337057476,723.501664751845,733.4751586914062,173708
259,2013-03-26 00:00:00+05:30,733.3483865811564,746.3223732269925,724.5159087662043,731.1930541992188,153780
260,2013-03-28 00:00:00+05:30,723.628478108491,734.4471844360091,697.2578459686486,702.0332641601562,198055
261,2013-04-01 00:00:00+05:30,711.6686929515939,729.4181496641634,703.5969265260288,719.6137084960938,160485
262,2013-04-02 00:00:00+05:30,715.0495474043877,745.5616883075012,715.0495474043877,741.1666259765625,175547
263,2013-04-03 00:00:00+05:30,739.5606124814079,802.9515221226715,739.5606124814079,774.5946655273438,468986
264,2013-04-04 00:00:00+05:30,767.4526289557228,794.9220237146006,764.9169925164418,784.1455688476562,230929
265,2013-04-05 00:00:00+05:30,786.0474903286782,800.9655090328865,779.3702920875932,787.7379150390625,125271
266,2013-04-08 00:00:00+05:30,792.8090592676245,794.4572334077278,752.3233734524763,755.2816162109375,126920
267,2013-04-09 00:00:00+05:30,757.3101764784195,776.7500582407004,744.6319927204103,751.3514404296875,106587
268,2013-04-10 00:00:00+05:30,752.2387591410023,764.9169404748395,737.0249415403978,759.1272583007812,90814
269,2013-04-11 00:00:00+05:30,769.1430582980951,769.1430582980951,749.4073751845195,751.8584594726562,41021
270,2013-04-12 00:00:00+05:30,746.3223474364587,764.8747649184637,737.9970281822245,757.3523559570312,66158
271,2013-04-15 00:00:00+05:30,749.703265254565,758.1131374540398,741.2511427601506,744.9277954101562,57026
272,2013-04-16 00:00:00+05:30,743.7867070289959,743.7867070289959,726.8824636874278,732.3763427734375,110732
273,2013-04-17 00:00:00+05:30,735.3346363470331,735.3346363470331,722.6564529617394,724.5159301757812,61631
274,2013-04-18 00:00:00+05:30,724.3046582742568,737.8703047624953,719.2756349975755,723.966552734375,157682
275,2013-04-22 00:00:00+05:30,726.882561048499,730.0943573960644,705.8367546342387,715.1763916015625,199688
276,2013-04-23 00:00:00+05:30,715.0494295329627,739.560580190712,715.0494295329627,735.3767700195312,134571
277,2013-04-25 00:00:00+05:30,739.5607240416492,755.6197569065536,723.5016911767448,746.8295288085938,118889
278,2013-04-26 00:00:00+05:30,742.096360809792,758.5779998027201,742.096360809792,746.8295288085938,81323
279,2013-04-29 00:00:00+05:30,746.7027203037508,768.128828706155,746.7027203037508,753.8870239257812,112473
280,2013-04-30 00:00:00+05:30,760.6488196100175,775.904891305629,750.548522308713,765.931396484375,165773
281,2013-05-02 00:00:00+05:30,752.3235011709946,793.6544062194048,752.3235011709946,784.526123046875,134992
282,2013-05-03 00:00:00+05:30,789.4282452407693,848.1282465989564,786.3009495834181,841.23974609375,514325
283,2013-05-06 00:00:00+05:30,847.7477988962371,857.8903448451451,808.9102897160118,812.50244140625,246488
284,2013-05-07 00:00:00+05:30,815.4606838590508,823.2366460696423,804.684228789864,808.0228271484375,88617
285,2013-05-08 00:00:00+05:30,808.0229328277745,813.8549181453833,788.5830505526293,791.8370971679688,134276
286,2013-05-09 00:00:00+05:30,798.7256214806447,806.3325321614127,782.0326785978482,785.5825805664062,97761
287,2013-05-10 00:00:00+05:30,785.8783521935828,788.5407914583639,777.7643350999892,779.7083129882812,70595
288,2013-05-13 00:00:00+05:30,780.9761973715738,792.302063293198,780.9761973715738,786.0897216796875,179219
289,2013-05-14 00:00:00+05:30,780.5957195320218,799.5707438012861,780.5957195320218,790.35791015625,112084
290,2013-05-15 00:00:00+05:30,783.596224988314,811.4037275358028,783.596224988314,795.8941040039062,111288
291,2013-05-16 00:00:00+05:30,787.7377996507628,808.8258551413492,787.7377996507628,799.0213623046875,81416
292,2013-05-17 00:00:00+05:30,795.4715481541562,805.994399640348,794.5840340009624,796.992919921875,47194
293,2013-05-20 00:00:00+05:30,791.1608548969956,805.4872117402323,791.1608548969956,795.3446655273438,50413
294,2013-05-21 00:00:00+05:30,792.893625856317,799.401770784215,789.4282761144349,791.5835571289062,49964
295,2013-05-22 00:00:00+05:30,793.6543380092228,794.2459969280404,778.5250174270165,782.4130249023438,85713
296,2013-05-23 00:00:00+05:30,782.4974917884714,782.4974917884714,748.3086459123001,771.4252319335938,98117
297,2013-05-24 00:00:00+05:30,769.1431743733589,772.8621290383614,756.8875963201571,764.4945068359375,51682
298,2013-05-27 00:00:00+05:30,764.4944205337916,767.452663178201,753.2953590942418,760.9445190429688,59373
299,2013-05-28 00:00:00+05:30,754.1829683961972,766.438547451839,754.1829683961972,760.2262573242188,45100
300,2013-05-29 00:00:00+05:30,756.4649233774123,759.9302727824016,748.0550516212154,751.9007568359375,102526
301,2013-05-30 00:00:00+05:30,754.6054396843841,770.8335241955053,746.3223704656044,751.3091430664062,120142
302,2013-05-31 00:00:00+05:30,752.3656578349414,764.9170383260008,715.9369811896937,721.1773071289062,102271
303,2013-06-03 00:00:00+05:30,728.3193930592566,750.4216620471221,723.5016730032681,727.0515747070312,92881
304,2013-06-04 00:00:00+05:30,731.1085251045469,735.3345859433015,725.1920399302904,728.1080322265625,56406
305,2013-06-05 00:00:00+05:30,729.4181693782247,743.3641714578779,721.1773499675205,724.431396484375,86667
306,2013-06-06 00:00:00+05:30,729.3336856416377,737.4477027676841,724.4314132241692,731.4467163085938,98776
307,2013-06-07 00:00:00+05:30,729.4180901210906,753.3798340919759,729.4180901210906,743.9557495117188,88313
308,2013-06-10 00:00:00+05:30,748.8580551396254,777.5952717025456,748.8580551396254,771.6365356445312,144243
309,2013-06-11 00:00:00+05:30,764.9593849502453,780.9761684187913,751.5627905750971,760.7755737304688,122013
310,2013-06-12 00:00:00+05:30,756.8875732421875,770.4954698926607,748.9848593045951,756.8875732421875,63741
311,2013-06-13 00:00:00+05:30,749.7454367415664,750.5483986116665,719.402351128666,721.7266845703125,65504
312,2013-06-14 00:00:00+05:30,730.2633410109872,735.3346142124525,712.7674381484006,717.5429077148438,60936
313,2013-06-17 00:00:00+05:30,719.2755996938156,727.7699721928792,716.7399630321453,718.5571899414062,35976
314,2013-06-18 00:00:00+05:30,725.1921084794944,730.1788813756651,718.4304104983337,719.9517822265625,54887
315,2013-06-19 00:00:00+05:30,722.6563860320267,728.5728710638679,718.4303252949974,722.6141357421875,61125
316,2013-06-20 00:00:00+05:30,713.232338235067,715.0495652119826,689.862250419211,696.6661987304688,177092
317,2013-06-21 00:00:00+05:30,694.0037585031877,705.2873730040684,686.0165440031838,700.9345092773438,66167
318,2013-06-24 00:00:00+05:30,694.7644043671751,704.0617382455679,694.7644043671751,699.2440185546875,45013
319,2013-06-25 00:00:00+05:30,693.961437529959,704.9069453806794,682.9314290978285,684.3260498046875,65268
320,2013-06-26 00:00:00+05:30,682.508944779797,686.1010971207434,639.1495633113196,648.235595703125,169582
321,2013-06-27 00:00:00+05:30,655.0395421581069,675.3246376571967,634.3318405027861,636.4871215820312,96254
322,2013-06-28 00:00:00+05:30,637.5435342644573,652.6728528552641,637.5435342644573,648.6158447265625,59702
323,2013-07-01 00:00:00+05:30,649.2075125856885,671.9437428856904,642.5726170174166,662.2660522460938,71551
324,2013-07-02 00:00:00+05:30,664.3367780379443,668.7741420133885,656.095959226405,659.8994140625,36419
325,2013-07-03 00:00:00+05:30,659.1810648353363,659.1810648353363,632.6413791305336,635.134765625,95742
326,2013-07-04 00:00:00+05:30,635.5995291785916,643.206438437378,621.6957791602789,625.2034301757812,71969
327,2013-07-05 00:00:00+05:30,630.5283981010771,632.9372326062089,621.9072220186229,625.1190185546875,64723
328,2013-07-08 00:00:00+05:30,621.2310783850337,621.2310783850337,600.1852701965144,611.4266357421875,103727
329,2013-07-09 00:00:00+05:30,610.2854489119968,623.766593603479,610.2854489119968,616.7513427734375,66071
330,2013-07-10 00:00:00+05:30,620.3857152106355,625.4569880870166,608.7217979124897,611.93359375,41651
331,2013-07-11 00:00:00+05:30,617.4698731031282,622.8370024880351,606.8624684087813,611.4266357421875,43393
332,2013-07-12 00:00:00+05:30,616.7514338624076,616.7514338624076,598.6216194678051,601.7066650390625,60557
333,2013-07-15 00:00:00+05:30,600.1006648967086,607.7075747334275,594.1841794681495,601.3262329101562,55952
334,2013-07-16 00:00:00+05:30,595.8746706752559,598.8329137211613,589.0284716897975,592.5360717773438,66495
335,2013-07-17 00:00:00+05:30,599.2554796100196,627.1474835975099,599.1709790208796,614.6806030273438,155794
336,2013-07-18 00:00:00+05:30,612.8210775175751,619.5405246302091,600.5655009730484,614.2156982421875,67314
337,2013-07-19 00:00:00+05:30,610.0741432458674,633.9091371190763,610.0741432458674,624.8653564453125,92051
338,2013-07-22 00:00:00+05:30,618.6953401199495,638.3465240786775,618.6953401199495,627.570068359375,88419
339,2013-07-23 00:00:00+05:30,633.86694338189,642.361316259633,608.6373265209373,609.3135375976562,92445
340,2013-07-24 00:00:00+05:30,609.3979950431176,617.0049048286766,600.3542142027545,604.5380249023438,518618
341,2013-07-25 00:00:00+05:30,608.5526995554538,615.3143962171811,598.4524048494684,606.524169921875,31520
342,2013-07-26 00:00:00+05:30,608.5527836757934,612.7788446735419,563.8410376845501,595.7901000976562,74999
343,2013-07-29 00:00:00+05:30,604.3268105891021,604.3268105891021,579.8156532365372,588.6481323242188,35371
344,2013-07-30 00:00:00+05:30,589.1128184820454,594.0150382178809,580.7451982731367,586.8729858398438,32342
345,2013-07-31 00:00:00+05:30,580.9143415468069,584.8445989579061,536.7097532865635,539.3721923828125,99073
346,2013-08-01 00:00:00+05:30,529.9481156329025,529.9481156329025,431.52313232421875,431.52313232421875,774810
347,2013-08-02 00:00:00+05:30,345.2269592285157,345.2269592285157,345.2269592285157,345.2269592285156,33236
348,2013-08-05 00:00:00+05:30,310.7422790527344,310.7422790527344,310.7422790527344,310.7422790527344,188855
349,2013-08-06 00:00:00+05:30,279.68072509765625,279.68072509765625,279.68072509765625,279.68072509765625,43885
350,2013-08-07 00:00:00+05:30,251.74641418457028,251.74641418457028,251.74641418457028,251.7464141845703,53514
351,2013-08-08 00:00:00+05:30,239.19507073267778,264.29788529318034,239.19507073267778,249.97152709960938,4312784
352,2013-08-12 00:00:00+05:30,253.5214045977989,253.5214045977989,237.50462341308594,237.50462341308594,406563
353,2013-08-13 00:00:00+05:30,225.62944030761722,225.62944030761722,225.62944030761722,225.6294403076172,62902
354,2013-08-14 00:00:00+05:30,214.38809204101562,214.38809204101562,214.38809204101562,214.38809204101562,74256
355,2013-08-16 00:00:00+05:30,203.69617511354912,223.98127139041708,203.69617511354912,206.443115234375,4017229
356,2013-08-19 00:00:00+05:30,204.6681342085628,216.75468444824216,201.28728532370087,216.7546844482422,1459038
357,2013-08-20 00:00:00+05:30,227.57342529296875,227.57342529296875,215.52914930253306,227.57342529296875,2112021
358,2013-08-21 00:00:00+05:30,230.32032309769275,238.94149780273438,227.5733834644175,238.94149780273438,1846838
359,2013-08-22 00:00:00+05:30,248.49239996417927,248.49239996417927,227.02401410563198,235.89874267578125,2899837
360,2013-08-23 00:00:00+05:30,236.6594138167104,247.68942260742188,236.6594138167104,247.68942260742188,233552
361,2013-08-26 00:00:00+05:30,260.07177734375,260.07177734375,260.07177734375,260.07177734375,67115
362,2013-08-27 00:00:00+05:30,273.0457763671875,273.0457763671875,273.0457763671875,273.0457763671875,81587
363,2013-08-28 00:00:00+05:30,286.6960144042969,286.6960144042969,286.6960144042969,286.6960144042969,40830
364,2013-08-29 00:00:00+05:30,301.0223693847656,301.0223693847656,301.0223693847656,301.0223693847656,19574
365,2013-08-30 00:00:00+05:30,316.0671081542969,316.0671081542969,290.0345572765491,316.0671081542969,2322600
366,2013-09-02 00:00:00+05:30,331.8302917480469,331.8302917480469,318.7295035612566,331.8302917480469,1102612
367,2013-09-03 00:00:00+05:30,348.3964538574219,348.3964538574219,348.3964538574219,348.3964538574219,116473
368,2013-09-04 00:00:00+05:30,365.807861328125,365.807861328125,365.807861328125,365.807861328125,43633
369,2013-09-05 00:00:00+05:30,384.0644836425781,384.0644836425781,384.0644836425781,384.0644836425781,24810
370,2013-09-06 00:00:00+05:30,403.2507785264117,403.2507785264117,367.6673368579454,378.3170166015625,2455043
371,2013-09-10 00:00:00+05:30,387.1072136703089,392.516566955844,361.1591870652689,368.9351501464844,1487091
372,2013-09-11 00:00:00+05:30,366.019139836148,387.3607482910156,366.019139836148,387.3607482910156,532389
373,2013-09-12 00:00:00+05:30,406.71614805198897,406.71614805198897,392.178486925993,406.4203186035156,1544845
374,2013-09-13 00:00:00+05:30,415.84443277212984,424.29655538944957,395.55933849056254,414.95697021484375,881194
375,2013-09-16 00:00:00+05:30,414.153973853741,417.534822619894,394.24923706054693,394.2492370605469,553744
376,2013-09-17 00:00:00+05:30,380.64135538273985,398.0949838025791,374.5558166503906,374.5558166503906,469164
377,2013-09-18 00:00:00+05:30,355.8345031738281,355.8345031738281,355.8345031738281,355.8345031738281,106564
378,2013-09-19 00:00:00+05:30,338.06886519525375,373.6001892089844,338.06886519525375,373.6001892089844,2182525
379,2013-09-20 00:00:00+05:30,379.6379276130101,392.278035650807,365.73814078965046,391.9739990234375,1151895
380,2013-09-23 00:00:00+05:30,392.6689765708208,401.7038326762971,377.90045311572356,383.5906677246094,872155
381,2013-09-24 00:00:00+05:30,383.98164001733994,390.7143497687752,378.33485119355555,380.7673034667969,350880
382,2013-09-25 00:00:00+05:30,365.73817114545665,374.12147546675124,361.7419767997138,365.34722900390625,513415
383,2013-09-26 00:00:00+05:30,360.5690898232888,370.99392828886107,352.7070347518637,356.26885986328125,557128
384,2013-09-27 00:00:00+05:30,348.3633776732741,373.55673915089244,345.62686267719056,348.4936828613281,442681
385,2013-09-30 00:00:00+05:30,340.5447234659832,347.49461578161555,331.07550048828125,331.07550048828125,306068
386,2013-10-01 00:00:00+05:30,316.2201320787999,340.544757623323,316.2201320787999,331.8573913574219,487924
387,2013-10-03 00:00:00+05:30,330.98858736940537,348.4501953125,315.26445232588765,348.4501953125,1364196
388,2013-10-04 00:00:00+05:30,354.35766227483197,365.8684224989007,345.8006012587428,350.708984375,783585
389,2013-10-07 00:00:00+05:30,343.1510115721363,360.4388673591185,339.9366750362578,353.2283630371094,457520
390,2013-10-08 00:00:00+05:30,354.92238829930255,361.78542982773047,347.4946996979554,350.5352783203125,480283
391,2013-10-09 00:00:00+05:30,351.8383273219415,361.3944300393276,348.4502598426703,352.0555114746094,380902
392,2013-10-10 00:00:00+05:30,362.2631691776907,369.6474304199218,360.5256959442246,369.6474304199219,116657
393,2013-10-11 00:00:00+05:30,388.1080627441407,388.1080627441407,388.1080627441407,388.1080627441406,43243
394,2013-10-14 00:00:00+05:30,393.45086399158663,407.48095703124994,373.7305559132653,407.48095703125,938871
395,2013-10-15 00:00:00+05:30,424.8121317327479,427.8527093627369,410.9992272302874,425.46368408203125,1398983
396,2013-10-17 00:00:00+05:30,433.49956912171933,446.7043762207032,418.8613519161635,446.7043762207031,1416329
397,2013-10-18 00:00:00+05:30,458.2151618147367,469.0309438339076,435.2370665584048,442.3607177734375,1198394
398,2013-10-21 00:00:00+05:30,434.3683280033738,453.48053443552226,425.7678404112548,433.8905334472656,629356
399,2013-10-22 00:00:00+05:30,442.6212960214082,450.00555709340426,412.21551513671875,412.21551513671875,718668
400,2013-10-23 00:00:00+05:30,401.57354655814027,426.85379027009765,395.31863160467475,412.08526611328125,838518
401,2013-10-24 00:00:00+05:30,416.7329471400508,422.98783459564095,401.92097257566513,407.0899658203125,285752
402,2013-10-25 00:00:00+05:30,410.0436915587375,415.8642376156437,396.1439054042041,399.3147888183594,208677
403,2013-10-28 00:00:00+05:30,405.61313925848253,406.2646917502808,379.68134478256275,381.2450866699219,364253
404,2013-10-29 00:00:00+05:30,377.90044848209294,400.2704175589065,369.2130818503207,396.7520446777344,381346
405,2013-10-30 00:00:00+05:30,403.0938094701522,416.5592276744353,396.7520424689596,406.5687561035156,826155
406,2013-10-31 00:00:00+05:30,410.0436922247411,415.9945434841639,403.96253577225553,411.2599182128906,230818
407,2013-11-01 00:00:00+05:30,431.8055725097656,431.8055725097656,421.77167408122165,431.8055725097656,618165
408,2013-11-05 00:00:00+05:30,437.66956175713403,449.1368974018786,421.3373215472169,430.068115234375,401048
409,2013-11-06 00:00:00+05:30,432.19647531677487,451.5692916458768,427.3749976038659,443.5334777832031,1081181
410,2013-11-07 00:00:00+05:30,450.00558839887685,453.4805350274396,421.77164704180444,424.8122253417969,773856
411,2013-11-08 00:00:00+05:30,428.63469114737677,431.97933281237476,412.73681982051653,417.7754821777344,268640
412,2013-11-11 00:00:00+05:30,411.781171699572,447.0953376971223,409.60933007668393,417.0370178222656,485340
413,2013-11-12 00:00:00+05:30,417.8623430947506,424.812236534996,370.60307300343027,373.8173828125,758349
414,2013-11-13 00:00:00+05:30,367.4755584346566,386.41400450579107,365.95526948132175,375.94573974609375,444314
415,2013-11-14 00:00:00+05:30,381.89662240514843,389.19400469075254,375.98919749833556,380.1591491699219,195493
416,2013-11-18 00:00:00+05:30,381.37537825107574,455.1311388989998,381.37537825107574,444.79315185546875,3321436
417,2013-11-19 00:00:00+05:30,450.87427941440524,460.16977130953154,424.03032472849594,430.1114807128906,1868043
418,2013-11-20 00:00:00+05:30,426.89720055895066,441.2748085640906,421.33729109224623,429.9812316894531,744654
419,2013-11-21 00:00:00+05:30,434.4313291526941,438.13237760210205,423.0638616181883,424.95843505859375,331615
420,2013-11-22 00:00:00+05:30,431.52337141029284,438.74919059740677,413.72313217643716,416.85137939453125,356195
421,2013-11-25 00:00:00+05:30,424.7380719063741,429.1440685029133,415.08892860312574,418.1731262207031,335381
422,2013-11-26 00:00:00+05:30,419.45086908941346,425.5752150146683,409.0527280494866,410.5507507324219,261333
423,2013-11-27 00:00:00+05:30,414.2958782180406,429.14409297346265,405.48388452248696,416.2345275878906,782032
424,2013-11-28 00:00:00+05:30,420.9489760615077,427.29359578599576,417.2919769342547,420.199951171875,378909
425,2013-11-29 00:00:00+05:30,422.4028709332519,428.0865900286962,417.8647001197233,420.6404724121094,296984
426,2013-12-02 00:00:00+05:30,422.8875414406163,423.9009152637902,412.40127508086283,413.63494873046875,214904
427,2013-12-03 00:00:00+05:30,413.63490183808585,413.63490183808585,400.94563865255014,403.4570617675781,273416
428,2013-12-04 00:00:00+05:30,405.7041447598871,405.88039537342075,393.27922948366717,394.4248046875,242979
429,2013-12-05 00:00:00+05:30,397.4649353027344,405.35167983017055,392.13369027049106,397.4649353027344,241039
430,2013-12-06 00:00:00+05:30,398.9630213275725,405.35171686512064,393.8961248667585,397.20062255859375,147339
431,2013-12-09 00:00:00+05:30,405.3516751099895,406.2328744037069,389.6663384386477,390.9440612792969,152993
432,2013-12-10 00:00:00+05:30,391.0762286658805,394.2926275429707,377.2414161419582,379.0038146972656,261335
433,2013-12-11 00:00:00+05:30,381.25087638763097,385.04004955879964,363.93531531116713,365.6095886230469,573646
434,2013-12-12 00:00:00+05:30,362.17289680809245,369.4868399284119,362.17289680809245,363.2303466796875,260386
435,2013-12-13 00:00:00+05:30,361.29171387025264,363.45066291728034,349.8361229426593,350.9376220703125,305893
436,2013-12-16 00:00:00+05:30,351.1579795717319,352.920378465442,333.0933909112037,339.96673583984375,190302
437,2013-12-17 00:00:00+05:30,336.61814953589857,360.322406520091,336.61814953589857,344.3286437988281,1828594
438,2013-12-18 00:00:00+05:30,353.449111140362,383.14551700506206,353.36098581535987,372.1305236816406,2370598
439,2013-12-19 00:00:00+05:30,386.6702375508611,388.6088867449648,362.17290805483117,365.6536560058594,1708443
440,2013-12-20 00:00:00+05:30,368.6938160153935,419.27465515897876,368.3413416410412,402.7521667480469,4905609
441,2013-12-23 00:00:00+05:30,408.8765058835836,424.73809447389505,403.72148421331826,413.89935302734375,1667897
442,2013-12-24 00:00:00+05:30,418.04097263084515,427.381691261574,413.54685049895886,416.36669921875,899114
443,2013-12-26 00:00:00+05:30,418.5256280371751,424.20934751927916,415.0448799642987,416.939453125,873762
444,2013-12-27 00:00:00+05:30,420.33204825366124,422.97564604142013,384.4231783032699,398.654541015625,1507761
445,2013-12-30 00:00:00+05:30,400.94566931369053,426.5004482369807,400.94566931369053,417.7765808105469,1722435
446,2013-12-31 00:00:00+05:30,421.9181889576502,436.0173769180338,410.7710238548854,422.13848876953125,2754194
447,2014-01-01 00:00:00+05:30,424.60585801443773,436.1936226104225,421.30136087344965,433.77032470703125,1411814
448,2014-01-02 00:00:00+05:30,436.89856054150187,452.93639702973115,425.3548723254085,428.8796691894531,2919045
449,2014-01-03 00:00:00+05:30,427.38162789533607,512.6817028710219,426.5004286625622,505.0152587890625,8191055
450,2014-01-06 00:00:00+05:30,502.9004945543748,538.2365680122998,495.41029985965054,503.2088928222656,8395828
451,2014-01-07 00:00:00+05:30,505.7202987291507,537.0909722300833,503.16479925082456,522.6392822265625,6823517
452,2014-01-08 00:00:00+05:30,531.8478812299261,548.1060207369089,519.9516894615206,525.5032348632812,5541141
453,2014-01-09 00:00:00+05:30,523.2561163176488,530.7463101205,504.0459829683398,517.6605224609375,3886247
454,2014-01-10 00:00:00+05:30,515.1050238272531,517.2639728010522,450.73342774742457,464.4360656738281,3386795
455,2014-01-13 00:00:00+05:30,471.26539653364114,487.0829354521443,462.62965375373267,475.53924560546875,2633781
456,2014-01-14 00:00:00+05:30,478.3150145799525,489.06565781487365,455.1394815520401,459.8979797363281,2034314
457,2014-01-15 00:00:00+05:30,463.24655155334904,467.8287993505849,445.1378871141899,450.9097595214844,1600249
458,2014-01-16 00:00:00+05:30,453.50927663398807,455.4038230062872,436.28181283994365,442.89080810546875,1588791
459,2014-01-17 00:00:00+05:30,443.24326045675144,444.565059444197,412.48940939393145,416.3226318359375,1854014
460,2014-01-20 00:00:00+05:30,412.40125964643164,473.6446091024722,403.54521771213336,461.8365173339844,4469615
461,2014-01-21 00:00:00+05:30,465.62572760221036,482.4566125728317,461.4400309634507,472.0584716796875,3557216
462,2014-01-22 00:00:00+05:30,472.76342686985436,477.8743720791875,461.5281357373462,466.59503173828125,1522016
463,2014-01-23 00:00:00+05:30,464.7885711153468,474.08521276497027,439.36596650223174,446.28338623046875,1444918
464,2014-01-24 00:00:00+05:30,442.36204420109215,444.56504242918527,421.2573104191331,426.01580810546875,1086467
465,2014-01-27 00:00:00+05:30,417.2478884538346,453.6414105230751,409.05274532973186,431.96392822265625,2888370
466,2014-01-28 00:00:00+05:30,433.7263342625482,451.5706212414,427.6019879747068,432.66888427734375,1533685
467,2014-01-29 00:00:00+05:30,437.6917145798398,444.9175328946662,424.9143243937442,427.55792236328125,977666
468,2014-01-30 00:00:00+05:30,423.5925029874731,437.9560404381757,412.4012614186443,422.7113037109375,1069140
469,2014-01-31 00:00:00+05:30,427.1614036998968,447.1205644768259,427.1614036998968,440.37939453125,1536450
470,2014-02-03 00:00:00+05:30,442.9789348821618,449.4116795383332,429.98124415041593,431.655517578125,925164
471,2014-02-04 00:00:00+05:30,427.38162858221597,446.76801173439895,423.41623202836035,442.6704406738281,1372741
472,2014-02-05 00:00:00+05:30,447.1204983604954,458.1355159832216,436.6342325633215,445.5783996582031,1688588
473,2014-02-06 00:00:00+05:30,448.53044105104885,455.5800354094151,440.68777270578016,446.98834228515625,954145
474,2014-02-07 00:00:00+05:30,450.29285750512923,461.5721981691736,446.45963504227836,449.6319580078125,1372624
475,2014-02-10 00:00:00+05:30,451.9671500046835,464.92073690293006,449.896299344741,451.8789978027344,1191188
476,2014-02-11 00:00:00+05:30,455.40378092468825,456.3731324112103,430.11337751414834,432.3163757324219,1112564
477,2014-02-12 00:00:00+05:30,436.98673086788295,444.3007012496341,432.14013468043663,438.4407043457031,775363
478,2014-02-13 00:00:00+05:30,435.312469295365,440.33531623637003,416.14638385574113,420.5083312988281,837134
479,2014-02-14 00:00:00+05:30,420.42020435826197,442.36206222570473,416.0142077225478,431.6114196777344,1445381
480,2014-02-17 00:00:00+05:30,436.0174067164252,452.3195939097461,430.2015127989495,447.2086486816406,1829613
481,2014-02-18 00:00:00+05:30,451.702748361889,458.9285935178182,446.59180308032774,455.4478454589844,1469172
482,2014-02-19 00:00:00+05:30,458.22369144147945,483.6022235952558,449.41169737529714,478.5793762207031,3577702
483,2014-02-20 00:00:00+05:30,475.84763807684834,492.06172725830754,472.32284075776056,475.8035888671875,3282978
484,2014-02-21 00:00:00+05:30,479.81303785009294,482.67693568850024,449.9403857755809,453.8176574707031,2185725
485,2014-02-24 00:00:00+05:30,447.73737670137825,454.4344968643906,436.4139601411103,442.75860595703125,1760355
486,2014-02-25 00:00:00+05:30,444.3007255217197,468.1371573162409,440.5996774741091,464.5242614746094,2436844
487,2014-02-26 00:00:00+05:30,467.0356703896559,472.05851760161823,459.50142646378316,461.74847412109375,1701705
488,2014-02-28 00:00:00+05:30,467.07963109173994,471.26532734450984,458.3998403759644,463.46673583984375,1425841
489,2014-03-03 00:00:00+05:30,460.8672186998714,466.9475151829884,442.67045913344293,448.39825439453125,1040955
490,2014-03-04 00:00:00+05:30,445.9749952823952,465.49355545698097,445.9749952823952,462.805908203125,896536
491,2014-03-05 00:00:00+05:30,466.85942527903984,472.3228722446686,458.62023251007054,470.2520751953125,1622452
492,2014-03-06 00:00:00+05:30,474.43778203691227,484.483423001874,473.027830715837,478.5793762207031,1727812
493,2014-03-07 00:00:00+05:30,482.63287421122453,482.63287421122453,452.67209758633953,460.03009033203125,1512821
494,2014-03-10 00:00:00+05:30,461.5722118665946,476.2442026560812,461.5722118665946,470.6926574707031,1078705
495,2014-03-11 00:00:00+05:30,473.99717432744904,473.99717432744904,455.1394858306815,459.01678466796875,730365
496,2014-03-12 00:00:00+05:30,459.01671407573,484.13089287784015,455.139415834733,477.081298828125,2096667
497,2014-03-13 00:00:00+05:30,479.372441421661,479.372441421661,453.81766053705036,455.40380859375,1234042
498,2014-03-14 00:00:00+05:30,440.59966254345346,444.1244598438011,409.7576861654117,435.44464111328125,1811826
499,2014-03-18 00:00:00+05:30,443.8600986616027,454.65479009863566,438.5288267554188,448.5744934082031,1086224
500,2014-03-19 00:00:00+05:30,450.90967982121265,452.1874295269226,442.4060853029243,443.8160095214844,580699
501,2014-03-20 00:00:00+05:30,448.61856690099984,456.63748587174416,443.243245817837,445.7546691894531,714468
502,2014-03-21 00:00:00+05:30,446.98833092061625,449.1913291015951,436.1936398338197,440.2471618652344,444853
503,2014-03-24 00:00:00+05:30,435.4005901672359,444.8294067728169,431.78766757037613,433.1094665527344,531627
504,2014-03-25 00:00:00+05:30,431.7876811973556,442.8907983779873,430.11340781194315,439.7184753417969,497968
505,2014-03-26 00:00:00+05:30,440.3793576166944,444.03632939507753,427.38166772205454,430.1574401855469,521779
506,2014-03-27 00:00:00+05:30,438.8372496369616,440.5996482298811,431.7876552652835,433.15350341796875,460612
507,2014-03-28 00:00:00+05:30,433.55005921442535,436.0174065181677,428.3069125788868,429.8049621582031,300657
508,2014-03-31 00:00:00+05:30,433.63823594195685,444.82945233700633,430.0253129750228,435.400634765625,556633
509,2014-04-01 00:00:00+05:30,431.87580308150035,438.3966728367384,431.87580308150035,433.6822509765625,267391
510,2014-04-02 00:00:00+05:30,431.78769526590827,470.0317697888311,431.78769526590827,461.74847412109375,1583319
511,2014-04-03 00:00:00+05:30,467.78464028562746,470.2960906330211,443.50760963232,448.53045654296875,1100898
512,2014-04-04 00:00:00+05:30,444.5650245839728,457.16616318601774,438.4406789988831,446.3274230957031,554406
513,2014-04-07 00:00:00+05:30,448.5304511638398,464.92073690293006,435.2684122349782,451.8789978027344,889115
514,2014-04-09 00:00:00+05:30,452.93648357074,474.74616833411704,452.93648357074,469.5030212402344,1178972
515,2014-04-10 00:00:00+05:30,464.5683319922692,506.3812540590781,456.4612867980999,490.3434143066406,3360922
516,2014-04-11 00:00:00+05:30,497.8776447029106,514.6204327548668,482.9853538167245,495.5865478515625,4266439
517,2014-04-15 00:00:00+05:30,501.8430501676168,532.9493777267091,496.6880552748109,514.7966918945312,4226556
518,2014-04-16 00:00:00+05:30,519.4670424662339,543.5237751518621,513.0342976505375,538.1044311523438,3482873
519,2014-04-17 00:00:00+05:30,544.5812510749629,545.1981014365695,517.3521670075567,520.3482666015625,2080146
520,2014-04-21 00:00:00+05:30,526.0759490688685,544.5811332069693,515.5015581328107,527.3536987304688,2548722
521,2014-04-22 00:00:00+05:30,529.512717121063,530.4379656925554,506.8658828043907,510.655029296875,1222879
522,2014-04-23 00:00:00+05:30,511.0955729182958,515.5456184429127,497.0844831125713,498.6706848144531,856065
523,2014-04-24 00:00:00+05:30,498.6706848144532,498.6706848144532,498.6706848144532,498.6706848144531,0
524,2014-04-25 00:00:00+05:30,498.58251687178023,519.0263498996985,497.8775682399485,503.0325622558594,1265135
525,2014-04-28 00:00:00+05:30,501.40241332501313,506.24900958738147,491.79731921866426,493.9562683105469,399987
526,2014-04-29 00:00:00+05:30,496.1152359297774,523.432415883282,488.40474158806234,505.85247802734375,1780510
527,2014-04-30 00:00:00+05:30,500.3450345152461,508.1877310956911,455.8444625070746,470.60455322265625,1107640
528,2014-05-02 00:00:00+05:30,470.64851890807734,497.8775984614838,470.64851890807734,480.0773620605469,931643
529,2014-05-05 00:00:00+05:30,475.4950898293234,480.2535872533772,460.8672039147088,462.8939514160156,622965
530,2014-05-06 00:00:00+05:30,463.59892231592187,487.1269539817962,456.7255786498814,478.9758605957031,2083070
531,2014-05-07 00:00:00+05:30,479.1961899724542,499.6400254018076,465.84605225204297,469.370849609375,2417488
532,2014-05-08 00:00:00+05:30,435.6649889425475,457.51875074761256,424.51782163050854,438.0882873535156,2697309
533,2014-05-09 00:00:00+05:30,445.093790471911,454.6988578662532,440.5996684750516,449.98443603515625,1168259
534,2014-05-12 00:00:00+05:30,457.3424360205678,474.08522269569454,451.3943407544043,465.361328125,1326699
535,2014-05-13 00:00:00+05:30,463.95141463822665,471.4416084168115,456.9018204936762,460.382568359375,551488
536,2014-05-14 00:00:00+05:30,460.911340614837,470.5604849105621,458.39994381015157,460.8232421875,523980
537,2014-05-15 00:00:00+05:30,463.6430240810284,471.4416162188446,453.9498319718559,458.1355285644531,632592
538,2014-05-16 00:00:00+05:30,460.4266373468971,466.9034307318062,449.41164602280867,451.0418701171875,364153
539,2014-05-19 00:00:00+05:30,449.3235046831411,456.28497357318463,436.2817661775422,442.0976867675781,685550
540,2014-05-20 00:00:00+05:30,442.4060563858044,449.2353503213793,432.6688157893272,434.9158630371094,675372
541,2014-05-21 00:00:00+05:30,439.71838353981224,439.71838353981224,426.1479217709043,431.5672912597656,584925
542,2014-05-22 00:00:00+05:30,436.01737255455583,517.8808033439315,430.90642772689176,517.4842529296875,6587293
543,2014-05-23 00:00:00+05:30,525.1947126730861,541.9374971374965,500.69738616093247,510.8311767578125,2694173
544,2014-05-26 00:00:00+05:30,514.5763790833968,519.907624475855,489.15374517540647,496.4677429199219,1774260
545,2014-05-27 00:00:00+05:30,492.5022903985804,504.9271785132633,464.8766611884995,473.6005554199219,1159616
546,2014-05-28 00:00:00+05:30,471.4417040401732,499.64008633790314,465.27330791254474,476.9051513671875,1409734
547,2014-05-29 00:00:00+05:30,478.3149765152875,493.29536484179073,472.32283194151375,480.16552734375,980136
548,2014-05-30 00:00:00+05:30,478.7115995427528,485.67309668712954,470.73675530489834,473.8209533691406,542870
549,2014-06-02 00:00:00+05:30,474.9664677815288,499.5960013110729,473.64466870607004,490.4755554199219,973485
550,2014-06-03 00:00:00+05:30,486.4220656377623,505.5000540373932,486.4220656377623,493.29541015625,750979
551,2014-06-04 00:00:00+05:30,493.471685876109,531.4073109710058,491.70928699798003,521.4497680664062,2180375
552,2014-06-05 00:00:00+05:30,522.0224743809513,528.5433167749162,506.95393443992504,519.863525390625,1304997
553,2014-06-06 00:00:00+05:30,525.0625705024864,536.0335123167962,512.8579819642426,520.8328247070312,1719820
554,2014-06-09 00:00:00+05:30,523.4324767194244,528.1909752941687,504.04608869277905,507.8352355957031,777963
555,2014-06-10 00:00:00+05:30,512.681789328696,516.691235757136,502.371745809749,507.8792419433594,524538
556,2014-06-11 00:00:00+05:30,511.09556723847373,522.1105579117167,492.5903829074255,496.3354797363281,793308
557,2014-06-12 00:00:00+05:30,497.7013051390339,521.6699345084088,494.352758883813,510.875244140625,1118265
558,2014-06-13 00:00:00+05:30,511.9768222122931,519.90761636016,495.410285193577,499.0672302246094,905993
559,2014-06-16 00:00:00+05:30,500.5212201134381,535.7691933608634,482.9853319091885,528.9839477539062,1852469
560,2014-06-17 00:00:00+05:30,530.4820435274186,560.3987741808518,527.045344323135,539.7786865234375,3482485
561,2014-06-18 00:00:00+05:30,541.0563567352831,570.9290337755272,538.4127589010717,542.3341064453125,3074533
562,2014-06-19 00:00:00+05:30,546.3436194353031,554.2744139109769,530.9666793895295,535.9014282226562,914378
563,2014-06-20 00:00:00+05:30,538.2366393880676,551.6308824340304,526.6488983294713,544.2728881835938,1118785
564,2014-06-23 00:00:00+05:30,547.6654214233646,551.6308186822627,531.3632326923392,534.4033813476562,599651
565,2014-06-24 00:00:00+05:30,534.8880033403914,540.9683003450666,514.6204183703271,518.5858154296875,833197
566,2014-06-25 00:00:00+05:30,524.0492120310812,539.11769790231,520.8328132101278,529.2923583984375,1109474
567,2014-06-26 00:00:00+05:30,537.9721019437195,552.3356378890765,530.5700072829304,540.9682006835938,1503353
568,2014-06-27 00:00:00+05:30,541.7613711353256,546.3436186941046,533.9187288793955,535.7692260742188,532948
569,2014-06-30 00:00:00+05:30,536.6504552579881,546.2555506013869,533.1256575223034,541.4530029296875,442306
570,2014-07-01 00:00:00+05:30,543.6999702184032,556.9179597699041,541.1004215164473,549.9124145507812,937110
571,2014-07-02 00:00:00+05:30,551.6748306875776,594.8095487181114,551.6307814778337,590.0951538085938,2970190
572,2014-07-03 00:00:00+05:30,592.8708890143562,603.6215314257742,575.7315515623004,594.1926879882812,2200614
573,2014-07-04 00:00:00+05:30,593.9283361642796,603.1809289383522,579.9172455927431,589.654541015625,1811225
574,2014-07-07 00:00:00+05:30,584.499522585147,589.5223696755335,572.8676803190259,575.0706787109375,1029354
575,2014-07-08 00:00:00+05:30,577.1855131480984,620.1880261189466,575.0706134183295,598.0699462890625,5274531
576,2014-07-09 00:00:00+05:30,609.7898784240416,634.463457319812,600.140735920476,606.000732421875,3821981
577,2014-07-10 00:00:00+05:30,608.0275121782474,641.2487362816254,595.6907220760801,621.28955078125,1885930
578,2014-07-11 00:00:00+05:30,627.4139472312592,640.5438392698394,595.0739198123704,600.9779663085938,1309319
579,2014-07-14 00:00:00+05:30,602.2116740807353,631.8199515519394,601.8591728172589,622.6554565429688,1004518
580,2014-07-15 00:00:00+05:30,630.9387491837307,689.670708732437,625.6515529615207,677.5982666015625,3786932
581,2014-07-16 00:00:00+05:30,681.9601606476074,695.089997963759,641.8655924468129,661.0316772460938,7797212
582,2014-07-17 00:00:00+05:30,659.1371365430324,706.1050527617972,655.6123390214119,699.407958984375,3917072
583,2014-07-18 00:00:00+05:30,689.9790957111958,703.020835422472,687.4235960652759,693.0632934570312,1253318
584,2014-07-21 00:00:00+05:30,660.899519617939,790.4358254630549,656.5816212427789,747.6095581054688,9885185
585,2014-07-22 00:00:00+05:30,751.222433578865,757.7873793857368,736.9029443757488,741.1326904296875,2354493
586,2014-07-23 00:00:00+05:30,744.3490817043327,754.8794244107551,731.3954408505139,743.0272827148438,1550329
587,2014-07-24 00:00:00+05:30,745.5827493566561,766.6434353589075,743.2916525577454,756.37744140625,1791671
588,2014-07-25 00:00:00+05:30,759.0210682280257,760.43101951353,715.2695510636999,733.9509887695312,1010501
589,2014-07-28 00:00:00+05:30,734.038987000492,745.318326824225,712.2293052138629,718.7942504882812,670632
590,2014-07-30 00:00:00+05:30,722.4953669414696,744.5693998521215,719.1027171811734,728.2672119140625,856886
591,2014-07-31 00:00:00+05:30,729.1042290147648,729.6329270134413,710.026245097923,712.6257934570312,690615
592,2014-08-01 00:00:00+05:30,709.3654802656773,712.5818794227741,683.5903991504338,686.7626953125,564564
593,2014-08-04 00:00:00+05:30,685.7492961920632,696.8523856993338,668.8302591176356,673.7649536132812,755804
594,2014-08-05 00:00:00+05:30,674.4700111869054,716.5031776022556,674.4700111869054,709.1011352539062,1256185
595,2014-08-06 00:00:00+05:30,711.3922293040255,720.5567241195928,687.3795468543063,693.0632934570312,654983
596,2014-08-07 00:00:00+05:30,698.8791573085363,736.374231301531,697.8658103637302,730.954833984375,1594081
597,2014-08-08 00:00:00+05:30,724.3458744385142,730.0736702826144,706.8099856483052,712.6699829101562,825702
598,2014-08-11 00:00:00+05:30,719.0586217423046,737.8281558912507,719.0586217423046,726.2404174804688,660329
599,2014-08-12 00:00:00+05:30,731.3073608572012,732.2766586269262,711.1278742622496,716.8997192382812,506040
600,2014-08-13 00:00:00+05:30,717.1199676119088,722.0547158800126,691.3889377246231,695.3984375,528650
601,2014-08-14 00:00:00+05:30,686.6305145514033,712.7139926685484,678.6115685430733,699.9806518554688,634505
602,2014-08-18 00:00:00+05:30,704.2544696078705,726.9894000902287,704.2544696078705,722.0987548828125,533112
603,2014-08-19 00:00:00+05:30,729.5449419179212,749.019425466392,729.5449419179212,745.3624267578125,1320106
604,2014-08-20 00:00:00+05:30,738.5331746679528,748.534819844608,729.6330824941805,736.5504760742188,502996
605,2014-08-21 00:00:00+05:30,739.0618944157849,769.6395221548063,738.6212947474535,750.0328369140625,1221458
606,2014-08-22 00:00:00+05:30,753.249083482293,768.4057208429015,740.2073457660978,758.3159790039062,1214178
607,2014-08-25 00:00:00+05:30,747.609502156612,757.8313924480709,728.79586496896,733.2459106445312,582306
608,2014-08-26 00:00:00+05:30,734.743991383985,735.8014413379451,710.8194618193482,718.9264526367188,371270
609,2014-08-27 00:00:00+05:30,721.7021883008057,761.7967543175171,719.9838390004055,754.1303100585938,3782222
610,2014-08-28 00:00:00+05:30,762.2375379807638,772.1950811883074,740.2956497668495,744.2610473632812,1381851
611,2014-09-01 00:00:00+05:30,749.0194739640851,759.3295174801839,740.207480152743,751.0902709960938,468616
612,2014-09-02 00:00:00+05:30,752.5441686514772,761.1799106496672,743.3796748263768,753.9981689453125,590628
613,2014-09-03 00:00:00+05:30,749.9446868461994,755.1878336711054,740.2074449051676,742.3663940429688,350904
614,2014-09-04 00:00:00+05:30,734.9201912257982,741.7935347753996,723.6849005325981,729.6329956054688,393077
615,2014-09-05 00:00:00+05:30,728.7517425968325,748.7549753088559,728.7517425968325,738.1365356445312,458489
616,2014-09-08 00:00:00+05:30,732.320623300701,736.6825703292138,700.5974504157108,720.8209838867188,697307
617,2014-09-09 00:00:00+05:30,719.1466774919803,733.1577669068583,692.7548033091181,715.0491333007812,1339349
618,2014-09-10 00:00:00+05:30,707.8673889398848,726.9894245609207,706.7218406034647,719.2789306640625,439901
619,2014-09-11 00:00:00+05:30,724.2760977715039,732.7667958406114,721.2689462981516,724.7183227539062,326155
620,2014-09-12 00:00:00+05:30,725.3817005207692,728.6983880730206,717.377384708633,719.057861328125,243176
621,2014-09-15 00:00:00+05:30,714.6355392470331,735.8623374424894,712.0706128720662,723.8780517578125,338356
622,2014-09-16 00:00:00+05:30,737.896577337397,753.5513521396226,704.5970693418782,712.955078125,822479
623,2014-09-17 00:00:00+05:30,719.9863960096778,729.6711327499571,712.866585450261,725.0277709960938,388754
624,2014-09-18 00:00:00+05:30,742.9380268080326,758.8581273824905,736.0835390606967,748.8196411132812,769087
625,2014-09-19 00:00:00+05:30,751.8709035517297,755.3202800536569,734.1819040188573,736.4815063476562,285543
626,2014-09-22 00:00:00+05:30,729.4058959586846,745.5913195000783,723.5242821062664,729.7596435546875,331845
627,2014-09-23 00:00:00+05:30,727.0179325136265,734.9779828696151,711.4516334104895,713.7069702148438,368297
628,2014-09-24 00:00:00+05:30,714.0607136310908,725.204816453298,706.0122399116185,710.0806884765625,305592
629,2014-09-25 00:00:00+05:30,720.2960856645669,723.4358722986257,676.6926584427672,685.1834106445312,511496
630,2014-09-26 00:00:00+05:30,695.5315419917312,704.9509026493116,683.6798897103314,696.3275146484375,626206
631,2014-09-29 00:00:00+05:30,701.3689334459038,732.3246871288883,698.7155831302196,721.4901733398438,685396
632,2014-09-30 00:00:00+05:30,725.2048515054748,726.1335132899084,701.5016002360046,707.1620483398438,524640
633,2014-10-01 00:00:00+05:30,707.560056027638,714.5472331739303,698.9366678448011,702.1206665039062,277041
634,2014-10-07 00:00:00+05:30,695.0892914964147,711.8053644652974,690.1363390006923,691.595703125,229884
635,2014-10-08 00:00:00+05:30,685.5371483663353,692.9223379861024,667.8481490124622,671.4744262695312,268826
636,2014-10-09 00:00:00+05:30,669.5285677246941,687.217565550974,669.5285677246941,680.00927734375,211565
637,2014-10-10 00:00:00+05:30,677.400245113867,699.4230167009307,665.1063690921524,681.203369140625,835031
638,2014-10-13 00:00:00+05:30,675.7197789913229,691.1534418079865,675.7197789913229,682.0878295898438,193461
639,2014-10-14 00:00:00+05:30,684.1221391916014,688.9866146480381,673.9509632372337,676.3389892578125,154836
640,2014-10-15 00:00:00+05:30,676.3389892578125,676.3389892578125,676.3389892578125,676.3389892578125,0
641,2014-10-16 00:00:00+05:30,670.4130793040403,697.1234792759867,657.1463297135908,662.1434936523438,478344
642,2014-10-17 00:00:00+05:30,659.180529376751,676.1619790184577,659.180529376751,667.7597045898438,386679
643,2014-10-20 00:00:00+05:30,673.1548361500949,684.4758387095501,657.5885386046554,661.3916625976562,276152
644,2014-10-21 00:00:00+05:30,665.8139237825166,706.6755230189173,656.2618749437255,699.0692749023438,1784560
645,2014-10-22 00:00:00+05:30,703.7568638474695,713.4858136822824,691.639888256694,697.7426147460938,722885
646,2014-10-27 00:00:00+05:30,716.3160436985689,747.8908640625644,714.6355671827217,723.037841796875,924987
647,2014-10-28 00:00:00+05:30,726.7526143463584,735.3760023037772,716.4487497067828,721.9765625,327039
648,2014-10-29 00:00:00+05:30,726.9293782288848,733.960711591408,716.4928264550672,729.1405029296875,371435
649,2014-10-30 00:00:00+05:30,730.5114541179596,737.5870537869124,725.2489660676677,731.9707641601562,271587
650,2014-10-31 00:00:00+05:30,734.1376491585814,741.8765859992621,729.6711878356107,734.7567749023438,290658
651,2014-11-03 00:00:00+05:30,733.8281802373094,744.1762560964402,730.6883935148177,739.7982177734375,278778
652,2014-11-05 00:00:00+05:30,743.7338552835787,774.6895981533252,738.0733549943839,770.2230834960938,1115720
653,2014-11-07 00:00:00+05:30,773.8052872737895,782.561309439345,763.1918878130863,770.9750366210938,468021
654,2014-11-10 00:00:00+05:30,772.124792583821,775.3530564367808,747.5813069089057,752.0919799804688,299487
655,2014-11-11 00:00:00+05:30,752.0920262183877,765.0050284415663,749.5713653438769,759.256103515625,252780
656,2014-11-12 00:00:00+05:30,761.8652701691071,772.0364454171046,755.320318416508,760.3616943359375,298903
657,2014-11-13 00:00:00+05:30,762.6612518104903,765.0492776934414,740.7711135181056,746.8738403320312,214306
658,2014-11-14 00:00:00+05:30,746.5199801352863,756.2047180222552,734.9779189198761,739.35595703125,250551
659,2014-11-17 00:00:00+05:30,740.5499436767809,778.0506437239568,740.5499436767809,770.3117065429688,779960
660,2014-11-18 00:00:00+05:30,769.2945581745217,782.693996552904,758.8580595276428,765.6683349609375,376940
661,2014-11-19 00:00:00+05:30,763.4571826123222,773.4072442236844,748.8195472161149,758.8580322265625,248654
662,2014-11-20 00:00:00+05:30,761.0692259686824,771.1519775745332,751.8709243639573,767.2603759765625,373785
663,2014-11-21 00:00:00+05:30,769.9579599771038,815.4629246490966,769.6042123559374,787.293212890625,2447199
664,2014-11-24 00:00:00+05:30,795.3857676408443,796.004893354405,766.0220207783744,778.360107421875,588705
665,2014-11-25 00:00:00+05:30,779.2004323902099,781.8537823302447,753.5513829698739,761.865234375,353771
666,2014-11-26 00:00:00+05:30,769.8695081804742,776.4586714331958,757.4429965595612,764.164794921875,486484
667,2014-11-27 00:00:00+05:30,767.702507341095,780.9692557398467,759.0791208819065,777.2987670898438,413680
668,2014-11-28 00:00:00+05:30,782.7382905611174,782.7382905611174,765.049289644482,767.3046264648438,216735
669,2014-12-01 00:00:00+05:30,770.178992199534,777.8737174265261,760.9807452698586,770.75390625,363421
670,2014-12-02 00:00:00+05:30,763.280327113755,773.8937267955222,762.8381021270147,765.8894653320312,256294
671,2014-12-03 00:00:00+05:30,764.1648086761987,796.8894590477488,764.1648086761987,788.619873046875,1020459
672,2014-12-04 00:00:00+05:30,788.0450128091347,804.4073391132526,781.057835659222,785.3916625976562,917580
673,2014-12-05 00:00:00+05:30,786.187569119979,797.6854182794464,771.2403436196555,775.9279174804688,676555
674,2014-12-08 00:00:00+05:30,778.0506860174929,779.8195860407304,760.6712216961673,768.0121459960938,249926
675,2014-12-09 00:00:00+05:30,770.179104625579,774.5571432371314,752.667004161917,754.966552734375,264458
676,2014-12-10 00:00:00+05:30,756.293078848954,764.1647044577957,740.9921065585171,757.8851318359375,359179
677,2014-12-11 00:00:00+05:30,764.8723414599384,795.9607802382172,763.8552563597617,771.6826171875,1432256
678,2014-12-12 00:00:00+05:30,776.3701094336749,777.254559331408,758.8580122550655,764.2089233398438,380042
679,2014-12-15 00:00:00+05:30,756.2047088930958,766.5527841270884,752.7553324875846,756.6027221679688,220045
680,2014-12-16 00:00:00+05:30,750.0135809206496,755.0549565889124,717.2889317531212,721.711181640625,397949
681,2014-12-17 00:00:00+05:30,718.5272105261254,749.7040734137325,703.4030829485679,740.8153076171875,507230
682,2014-12-18 00:00:00+05:30,758.8580741802591,758.8580741802591,738.206188975946,740.5057373046875,379952
683,2014-12-19 00:00:00+05:30,749.0407300519188,758.68120270691,742.9380034307202,746.7853393554688,365850
684,2014-12-22 00:00:00+05:30,747.5371187244714,764.0763438113878,738.5599300166076,754.1262817382812,262264
685,2014-12-23 00:00:00+05:30,758.9465296262907,760.6712179369327,741.3017951677333,747.0507202148438,229132
686,2014-12-24 00:00:00+05:30,755.7624741870335,757.9735990383707,743.822399989813,746.1219482421875,140898
687,2014-12-26 00:00:00+05:30,742.9821770944982,749.925141660613,734.1818892079173,735.8623657226562,169046
688,2014-12-29 00:00:00+05:30,738.5157249734837,755.6740759850461,738.5157249734837,744.3973388671875,313277
689,2014-12-30 00:00:00+05:30,741.1691418823023,749.1291923321122,737.7197650943658,741.6555786132812,151784
690,2014-12-31 00:00:00+05:30,744.3972943747366,749.8366289757765,741.6996789413529,744.4857177734375,128772
691,2015-01-01 00:00:00+05:30,744.4857648262347,816.170424346526,743.203301568784,803.8323364257812,1940176
692,2015-01-02 00:00:00+05:30,814.5784247599646,819.708223804507,770.7981511165137,774.8223876953125,1729553
693,2015-01-05 00:00:00+05:30,777.166183261427,785.2146562279084,766.0220814818284,771.373046875,428965
694,2015-01-06 00:00:00+05:30,763.280269184207,767.039181286215,745.5912710571107,754.6126708984375,402909
695,2015-01-07 00:00:00+05:30,756.248923615327,775.6626109340735,743.0263859847659,756.2047119140625,544622
696,2015-01-08 00:00:00+05:30,765.0492171766305,765.9336671386843,749.4386537533624,754.1262817382812,489854
697,2015-01-09 00:00:00+05:30,757.0890990144476,761.8651499704039,742.937900902028,745.1932373046875,302123
698,2015-01-12 00:00:00+05:30,748.2446933579461,764.8723424138361,743.9993441921401,760.8038940429688,513899
699,2015-01-13 00:00:00+05:30,759.1233494003549,770.7980990464473,753.5071140467898,763.4129638671875,459093
700,2015-01-14 00:00:00+05:30,760.8038469454779,763.8994217263676,747.8908454699564,752.3573608398438,150425
701,2015-01-15 00:00:00+05:30,756.6910990093036,770.9749864469377,746.4757134896903,753.3302001953125,349618
702,2015-01-16 00:00:00+05:30,750.0134950004423,757.9735438860602,748.2445952480828,751.1632690429688,217205
703,2015-01-19 00:00:00+05:30,751.0750148039402,764.1648651229629,751.0750148039402,759.7426147460938,232688
704,2015-01-20 00:00:00+05:30,762.395927577767,788.6641043244614,756.4701015669062,772.1248779296875,963353
705,2015-01-21 00:00:00+05:30,775.6626523381602,777.4315523434924,761.7767764997939,767.39306640625,294810
706,2015-01-22 00:00:00+05:30,769.5156440831273,779.9964080516678,763.7225078887018,767.9236450195312,311354
707,2015-01-23 00:00:00+05:30,771.2403712395893,782.7382208108216,753.2860477056347,769.9136962890625,536615
708,2015-01-27 00:00:00+05:30,776.2817767845536,780.3502251967143,764.2090126761699,767.2603759765625,230409
709,2015-01-28 00:00:00+05:30,768.2774511081657,772.7439124454879,753.5513382224229,756.7796020507812,320669
710,2015-01-29 00:00:00+05:30,759.6540927715674,783.4015526212613,750.6326923767109,773.9379272460938,807455
711,2015-01-30 00:00:00+05:30,780.9693380874492,800.3388143850135,770.4443616549747,779.0677490234375,696668
712,2015-02-02 00:00:00+05:30,779.0677455400213,791.5827343861831,767.7025848572144,772.345947265625,308233
713,2015-02-03 00:00:00+05:30,774.7781316013672,778.6254671687009,762.1305085144281,764.0320434570312,202231
714,2015-02-04 00:00:00+05:30,771.7269024708991,772.8324650651164,757.1776879344903,759.7426147460938,181424
715,2015-02-05 00:00:00+05:30,761.5114048471379,789.3715781952039,757.9736050569073,762.0420532226562,491033
716,2015-02-06 00:00:00+05:30,764.6069300827564,769.4714044788874,750.1019302903694,752.180419921875,217671
717,2015-02-09 00:00:00+05:30,746.9179915535611,762.8380908406708,743.9551057792546,752.0477905273438,170008
718,2015-02-10 00:00:00+05:30,750.1019667850147,764.164742316494,737.4101318360842,744.97216796875,284834
719,2015-02-11 00:00:00+05:30,755.3203750672806,758.6370628969086,749.129224451975,753.5072631835938,130229
720,2015-02-12 00:00:00+05:30,759.4772728044668,762.3959471886097,752.7112082926626,757.57568359375,192226
721,2015-02-13 00:00:00+05:30,760.8039594778621,786.5414348699944,757.1334701017371,760.5386352539062,621880
722,2015-02-16 00:00:00+05:30,765.9336427367518,843.3230119509157,765.1376162032474,834.8765258789062,2730061
723,2015-02-18 00:00:00+05:30,844.6496976049266,893.2944445874093,842.5269961435839,885.2459716796875,2755306
724,2015-02-19 00:00:00+05:30,888.8722283846865,890.4200158470479,853.6711300372045,867.42431640625,893445
725,2015-02-20 00:00:00+05:30,868.972032942304,883.565456396297,856.9877475084115,860.8350830078125,647592
726,2015-02-23 00:00:00+05:30,863.5327103334848,941.9392221044957,862.8251611509477,913.4157104492188,2532538
727,2015-02-24 00:00:00+05:30,915.4057916624545,925.9749264574476,877.4628633425574,896.5670166015625,752729
728,2015-02-25 00:00:00+05:30,905.6768351434146,956.0904870996397,895.1518581419912,942.0277099609375,1672070
729,2015-02-26 00:00:00+05:30,941.6738457890339,944.5925738944044,911.2045873171444,918.722412109375,602591
730,2015-02-27 00:00:00+05:30,936.632611825428,946.3615624676185,913.6369103075232,932.5198974609375,623721
731,2015-03-02 00:00:00+05:30,1054.5297138975593,1140.852007041979,1050.7265359433816,1081.859130859375,4073023
732,2015-03-03 00:00:00+05:30,1088.757972074679,1123.163099365264,1049.178833772208,1099.680908203125,1811156
733,2015-03-04 00:00:00+05:30,1102.9090699056078,1116.79489071117,1054.3527468388004,1065.45263671875,836013
734,2015-03-05 00:00:00+05:30,1068.150215272462,1095.1259401072589,1063.9933434839545,1084.335693359375,715191
735,2015-03-09 00:00:00+05:30,1074.6067104412562,1120.2443071682137,1071.0689105714905,1098.2657470703125,1009448
736,2015-03-10 00:00:00+05:30,1103.3513368946687,1105.518196133799,1059.040415018008,1068.8577880859375,446572
737,2015-03-11 00:00:00+05:30,1073.6337699005821,1076.7735023095183,1040.113096638684,1048.913330078125,423082
738,2015-03-12 00:00:00+05:30,1054.2643414925126,1069.123143853943,1045.4198419833472,1052.8492431640625,363262
739,2015-03-13 00:00:00+05:30,1062.2242551985207,1065.5852077681905,1009.953291377519,1019.947509765625,379731
740,2015-03-16 00:00:00+05:30,1026.0504232080518,1027.9962779867274,999.9591482131103,1007.3885498046875,258585
741,2015-03-17 00:00:00+05:30,1014.5084933426917,1019.2844373362012,992.3529759607384,1006.1946411132812,303907
742,2015-03-18 00:00:00+05:30,1009.599802436798,1073.7224355306814,991.4685751481827,1049.576904296875,1307953
743,2015-03-19 00:00:00+05:30,1056.917742750284,1071.8207035550427,1027.023289769304,1033.96630859375,555712
744,2015-03-20 00:00:00+05:30,1026.8462741425124,1037.1942941842774,985.4539780453135,992.9718017578125,340174
745,2015-03-23 00:00:00+05:30,999.2516340370431,1055.5910547713568,993.3700200567368,1037.990478515625,712640
746,2015-03-24 00:00:00+05:30,1027.9962964208266,1062.1360454333865,1027.9962964208266,1042.5897216796875,434358
747,2015-03-25 00:00:00+05:30,1046.3043871344948,1056.6524093157223,1031.4898491087106,1036.31005859375,323328
748,2015-03-26 00:00:00+05:30,1034.5411707926505,1036.6197147631262,990.8051594080747,1001.0647583007812,329228
749,2015-03-27 00:00:00+05:30,1010.9264885127147,1016.2331892398156,957.0634545396205,998.27880859375,348055
750,2015-03-30 00:00:00+05:30,1004.2488149925265,1024.193207777339,996.775254892108,1004.6910400390625,306795
751,2015-03-31 00:00:00+05:30,1010.3072732789866,1024.1930950255082,988.3728701994866,992.7508544921875,460442
752,2015-04-01 00:00:00+05:30,992.3528951571134,1048.9576948808701,991.7779810669015,1040.555419921875,560310
753,2015-04-06 00:00:00+05:30,1042.7664164344237,1047.011819076675,1018.4883102301864,1020.8762817382812,381525
754,2015-04-07 00:00:00+05:30,1015.3486528806077,1024.19315334124,978.2017509459513,994.9620361328125,709825
755,2015-04-08 00:00:00+05:30,1007.2118144776987,1033.037714145291,1001.0206637936087,1005.2218017578125,413879
756,2015-04-09 00:00:00+05:30,1010.0418707376336,1014.198742431168,983.9505964935354,993.3257446289062,257860
757,2015-04-10 00:00:00+05:30,995.0062181975345,1033.0375669819734,995.0062181975345,1021.4512939453125,617206
758,2015-04-13 00:00:00+05:30,1019.77078588964,1047.1887341659444,1010.2629489873732,1035.5140380859375,538819
759,2015-04-15 00:00:00+05:30,1034.8507561228912,1039.051893584068,1004.5140782171998,1010.5283813476562,237932
760,2015-04-16 00:00:00+05:30,1015.0831742874401,1015.3485524610501,985.4983663586455,996.9962158203125,215172
761,2015-04-17 00:00:00+05:30,999.0747336990952,1011.6781466443082,984.8351097891009,989.6995849609375,191663
762,2015-04-20 00:00:00+05:30,994.9619442261601,999.5611488199072,956.1788348817798,961.4855346679688,272063
763,2015-04-21 00:00:00+05:30,961.4855711627789,961.4855711627789,933.0947478220635,936.1460571289062,200785
764,2015-04-22 00:00:00+05:30,939.2857967304545,968.1188419673949,910.1432156205635,953.3485717773438,322537
765,2015-04-23 00:00:00+05:30,962.5469776205081,983.9506244218976,939.4185885410792,945.3443603515625,310623
766,2015-04-24 00:00:00+05:30,944.504163531011,949.3686384637379,897.7167375850395,904.96923828125,241652
767,2015-04-27 00:00:00+05:30,911.8679218680445,911.8679218680445,863.6653983551363,869.5027465820312,284142
768,2015-04-28 00:00:00+05:30,869.5027381425283,918.0590627662452,862.3387150260974,897.7609252929688,395264
769,2015-04-29 00:00:00+05:30,906.42852312221,931.7680361589415,888.4299879655024,907.3572387695312,304394
770,2015-04-30 00:00:00+05:30,903.9079177096344,930.4856839163891,895.0634175363502,923.6753540039062,264095
771,2015-05-04 00:00:00+05:30,926.1076150694487,946.3615425736224,924.4271384008322,939.9492797851562,164210
772,2015-05-05 00:00:00+05:30,947.2016046649843,947.2016046649843,880.0718876993633,906.6495971679688,191379
773,2015-05-06 00:00:00+05:30,890.8180993919693,929.5570007087256,869.1490732098915,873.880859375,287137
774,2015-05-07 00:00:00+05:30,872.952128249674,880.0277280733795,851.7253287785574,858.3587036132812,211725
775,2015-05-08 00:00:00+05:30,874.5883488372893,893.2944876721541,859.9065006329226,868.1760864257812,286007
776,2015-05-11 00:00:00+05:30,874.2345731854649,904.7038850840012,869.5027335130417,896.7438354492188,261901
777,2015-05-12 00:00:00+05:30,895.8593843671956,895.9478077700103,859.6853594792202,861.896484375,194685
778,2015-05-13 00:00:00+05:30,866.761022287514,937.517024106903,861.8965471624311,925.488525390625,553189
779,2015-05-14 00:00:00+05:30,930.441400164654,957.859350169506,913.6368501616803,931.2374267578125,381397
780,2015-05-15 00:00:00+05:30,937.5168835689124,1011.8106743422978,937.5168835689124,977.715087890625,1039834
781,2015-05-18 00:00:00+05:30,978.9977972646069,990.5840715079756,960.5127693371978,966.8366088867188,317537
782,2015-05-19 00:00:00+05:30,964.1390691119575,987.930799300487,964.1390691119575,974.7083129882812,303078
783,2015-05-20 00:00:00+05:30,977.4940953878069,987.5326892452309,973.8678719861151,978.9093017578125,194082
784,2015-05-21 00:00:00+05:30,970.2416368003987,1011.8107862348735,960.5126869327557,1004.956298828125,583113
785,2015-05-22 00:00:00+05:30,1006.4155972212048,1006.4597549386696,974.6638231323177,980.2359008789062,296086
786,2015-05-25 00:00:00+05:30,979.9705752863895,979.9705752863895,959.760914889069,962.76806640625,126468
787,2015-05-26 00:00:00+05:30,957.0632576844757,979.9705327044275,951.6681346479819,956.6210327148438,246886
788,2015-05-27 00:00:00+05:30,952.4200378904908,957.8594274231708,942.8237762078486,948.0420532226562,191465
789,2015-05-28 00:00:00+05:30,952.5083152257705,956.9748305878363,931.2815167654119,937.07470703125,118660
790,2015-05-29 00:00:00+05:30,937.0747290462107,987.9306015522579,926.9035545450013,969.7993774414062,378154
791,2015-06-01 00:00:00+05:30,979.0860133200699,988.8149619619135,953.4369669006643,961.1759033203125,210399
792,2015-06-02 00:00:00+05:30,962.1489142907996,964.7581065790287,920.7124532380877,925.0020141601562,333985
793,2015-06-03 00:00:00+05:30,924.250226558157,927.7880264684275,878.9221652078168,906.0305786132812,250482
794,2015-06-04 00:00:00+05:30,908.9492679829902,915.4057964969774,875.6055444753696,890.4642944335938,255721
795,2015-06-05 00:00:00+05:30,884.936349038008,902.0504872321364,878.2587629960262,884.4057006835938,282446
796,2015-06-08 00:00:00+05:30,888.7837746193571,891.8793494383364,862.8251362478214,868.1318359375,171666
797,2015-06-09 00:00:00+05:30,868.6183544439756,887.1033816974899,860.4814573392675,871.8466186523438,353402
798,2015-06-10 00:00:00+05:30,872.1561009905454,891.5255770857225,871.1832276085681,875.0748291015625,289421
799,2015-06-11 00:00:00+05:30,880.0277244377811,897.982048119752,846.8608504011813,851.6369018554688,404956
800,2015-06-12 00:00:00+05:30,854.11342891158,860.4814801041011,840.2275522515449,844.6055908203125,185018
801,2015-06-15 00:00:00+05:30,851.9022321482669,865.876531045859,845.0919565008359,852.7866821289062,160009
802,2015-06-16 00:00:00+05:30,849.0719929245283,886.2188926149765,831.382993071934,878.9221801757812,369351
803,2015-06-17 00:00:00+05:30,881.7966072119149,913.415693177638,874.5883184686705,904.2616577148438,593780
804,2015-06-18 00:00:00+05:30,909.0377152920481,931.3258111769153,887.9877629834976,925.3557739257812,435144
805,2015-06-19 00:00:00+05:30,923.0119789946048,928.8493272788187,904.1732051873223,917.9263916015625,252676
806,2015-06-22 00:00:00+05:30,916.3786423594407,933.0947692981797,912.9735313820341,922.525634765625,142605
807,2015-06-23 00:00:00+05:30,934.0675871263891,968.340023295196,930.6182106673505,943.6196899414062,525608
808,2015-06-24 00:00:00+05:30,955.1175833591479,978.1132835220513,947.2459567103672,956.3558349609375,797227
809,2015-06-25 00:00:00+05:30,955.8250678215992,956.0020225999128,933.4042820082657,942.51416015625,173243
810,2015-06-26 00:00:00+05:30,942.1159933925342,955.029048347065,926.9034982485315,941.8064575195312,186055
811,2015-06-29 00:00:00+05:30,913.7695623382928,919.8280233993956,897.7167728369102,911.2489013671875,196250
812,2015-06-30 00:00:00+05:30,912.0447617196118,928.6724642658336,902.4927668662134,923.011962890625,188268
813,2015-07-01 00:00:00+05:30,930.441412435125,956.0904627779183,930.441412435125,942.6026000976562,227144
814,2015-07-02 00:00:00+05:30,946.0078674325956,965.8195725654205,934.0677902992319,948.0863037109375,264510
815,2015-07-03 00:00:00+05:30,950.7836474878891,954.1887580277374,937.5168989182906,943.2215576171875,142514
816,2015-07-06 00:00:00+05:30,929.5569571366794,976.3443840889078,920.7124570687757,966.703857421875,289495
817,2015-07-07 00:00:00+05:30,972.8949816422265,991.46843129176,955.3828287866321,965.8636474609375,379167
818,2015-07-08 00:00:00+05:30,957.8150906321576,963.1660563534903,928.7609295335205,938.224609375,189772
819,2015-07-09 00:00:00+05:30,941.9392069341866,952.7737189388287,929.55690750031,932.7409057617188,124932
820,2015-07-10 00:00:00+05:30,949.8993769706118,949.8993769706118,907.4457735305845,910.364501953125,249017
821,2015-07-13 00:00:00+05:30,926.9034732401979,941.0546713049338,921.154549026399,933.3157348632812,205395
822,2015-07-14 00:00:00+05:30,935.7479927503128,946.3171258529086,933.0946430544235,940.1259765625,123631
823,2015-07-15 00:00:00+05:30,942.8237846846506,971.1261872267789,941.9393346052091,957.8594360351562,269364
824,2015-07-16 00:00:00+05:30,961.6624809986979,1010.7494535900737,961.5739496309717,983.9063110351562,1394801
825,2015-07-17 00:00:00+05:30,991.2914495980168,998.3670485017427,978.2015484400956,984.1273193359375,249994
826,2015-07-20 00:00:00+05:30,987.0463624360505,988.5498844974467,964.0506586516981,969.2246704101562,157422
827,2015-07-21 00:00:00+05:30,971.0378399356679,1001.1533027224729,954.9407824488566,976.0791625976562,431593
828,2015-07-22 00:00:00+05:30,985.277127623789,1034.8063189585575,979.9704285522067,1027.0673828125,1030660
829,2015-07-23 00:00:00+05:30,1032.1530657041042,1051.6109641149783,999.4284183767246,1005.6195678710938,514010
830,2015-07-24 00:00:00+05:30,1008.0519982638192,1016.5869632946508,992.3530090388288,996.0234985351562,162544
831,2015-07-27 00:00:00+05:30,993.8562937408843,1001.1088475853381,979.9704737163127,990.1859130859375,146601
832,2015-07-28 00:00:00+05:30,990.5840082730813,1012.0761866386131,986.2501816438687,993.9006958007812,194556
833,2015-07-29 00:00:00+05:30,995.0060512633881,1007.6094612460578,987.9304526766263,1002.1259155273438,167208
834,2015-07-30 00:00:00+05:30,1004.7351335775426,1011.8107331097788,992.3528343961292,996.6423950195312,129593
835,2015-07-31 00:00:00+05:30,1000.3130045680421,1029.4114327484072,1000.3130045680421,1004.2930297851562,283906
836,2015-08-03 00:00:00+05:30,1008.2730912300849,1018.8422265003612,996.3330151497287,1000.8436889648438,186038
837,2015-08-04 00:00:00+05:30,1005.531282106965,1007.2117587927593,974.2217287853916,982.2702026367188,161447
838,2015-08-05 00:00:00+05:30,982.8450216435201,1026.8464073143998,981.6510357861712,1011.6339111328125,518574
839,2015-08-06 00:00:00+05:30,1001.1973504258136,1010.7494531388774,994.0774850923178,996.7308349609375,179836
840,2015-08-07 00:00:00+05:30,1001.2857683141195,1003.2316229861073,986.1616957392956,988.5939331054688,167759
841,2015-08-10 00:00:00+05:30,956.1788704098567,987.6652687181456,946.5826095329536,965.8193969726562,293435
842,2015-08-11 00:00:00+05:30,968.4726672164406,971.9220435146108,953.4370185016649,957.8150024414062,120998
843,2015-08-12 00:00:00+05:30,950.7836850962481,957.3727939604178,912.9291844942908,920.7566528320312,160895
844,2015-08-13 00:00:00+05:30,932.0776259505,953.3928497015052,925.1347149314605,929.9107666015625,115973
845,2015-08-14 00:00:00+05:30,940.9662800329642,958.7437016156636,932.2102043384773,948.7936401367188,106301
846,2015-08-17 00:00:00+05:30,939.2857727454541,964.0503693903437,932.6523986441443,947.4226684570312,85099
847,2015-08-18 00:00:00+05:30,948.3956462943554,972.8064413065724,937.5168696212122,965.0675048828125,111527
848,2015-08-19 00:00:00+05:30,958.3458507620179,995.0062604614277,958.3458507620179,963.07763671875,230944
849,2015-08-20 00:00:00+05:30,981.7394611107569,1012.0761380950777,963.1660118464994,970.5511474609375,319316
850,2015-08-21 00:00:00+05:30,952.5526972578709,957.3287490878371,938.8437215777437,946.8037719726562,164617
851,2015-08-24 00:00:00+05:30,910.9835374364972,923.3658379453427,835.7610726417694,865.743896484375,410151
852,2015-08-25 00:00:00+05:30,876.4899945732948,899.8837090594748,803.5228658626016,883.344482421875,498391
853,2015-08-26 00:00:00+05:30,875.6054836112403,902.0505597092838,845.0919591823637,878.17041015625,177948
854,2015-08-27 00:00:00+05:30,894.1788970471563,926.9035451092184,885.9977350316407,912.4428100585938,218956
855,2015-08-28 00:00:00+05:30,923.3658590552053,928.672559394603,884.4500565662886,891.4814453125,160825
856,2015-08-31 00:00:00+05:30,887.9435547073488,906.5612157065705,885.4228399131761,890.2431030273438,84088
857,2015-09-01 00:00:00+05:30,886.0419328572442,891.3044207597013,846.0647850541984,862.4713745117188,157631
858,2015-09-02 00:00:00+05:30,870.9179205136978,874.7210446941201,849.9564448443372,853.2731323242188,83092
859,2015-09-03 00:00:00+05:30,871.183225060347,890.6411245033192,871.183225060347,880.6468505859375,148438
860,2015-09-04 00:00:00+05:30,875.6054660518265,875.6054660518265,826.9607179378361,835.451416015625,228830
861,2015-09-07 00:00:00+05:30,837.4413758922884,852.609713445459,805.1147424705061,813.1632690429688,218599
862,2015-09-08 00:00:00+05:30,814.6226547821353,847.3473045040938,808.2988697253911,840.8466186523438,157871
863,2015-09-09 00:00:00+05:30,857.9164412800093,858.8451029199384,839.8736409219291,843.6768188476562,116308
864,2015-09-10 00:00:00+05:30,835.8052445830582,849.0719944970749,823.5113680697185,846.1533203125,152372
865,2015-09-11 00:00:00+05:30,853.2288098114766,857.916383377755,834.9648982011933,841.4656372070312,116055
866,2015-09-14 00:00:00+05:30,845.268962762231,850.8409875390015,835.8937594081344,844.9151611328125,64708
867,2015-09-15 00:00:00+05:30,847.3914920286613,862.3387180681935,838.4585689524589,839.4757080078125,185822
868,2015-09-16 00:00:00+05:30,858.9619912367858,865.710679999032,842.2466579546597,861.1519775390625,150711
869,2015-09-18 00:00:00+05:30,870.8951145165782,884.8394805740653,847.9227083228548,851.4088134765625,176722
870,2015-09-21 00:00:00+05:30,849.1741313506936,859.9005414309129,843.0064237316303,846.85009765625,73704
871,2015-09-22 00:00:00+05:30,848.4590388134027,856.2803794098438,835.8107919116495,839.7885131835938,80234
872,2015-09-23 00:00:00+05:30,835.9895492314065,843.8108895743894,821.9558190759575,824.2799072265625,138001
873,2015-09-24 00:00:00+05:30,827.542614557404,848.0122044546978,827.542614557404,838.4924926757812,179306
874,2015-09-28 00:00:00+05:30,853.1071645619111,877.733203296774,845.5986557324701,850.8277587890625,600844
875,2015-09-29 00:00:00+05:30,848.9059365971358,872.8615735832943,845.5986160878612,859.3641967773438,467284
876,2015-09-30 00:00:00+05:30,866.112965187499,870.6269853602902,834.8722837027834,837.68798828125,278634
877,2015-10-01 00:00:00+05:30,847.2970123389613,847.2970123389613,823.2519551273961,825.5759887695312,190194
878,2015-10-05 00:00:00+05:30,835.5873447796669,835.6767642658585,809.0842056096634,812.5255737304688,248545
879,2015-10-06 00:00:00+05:30,814.4026280632439,829.5090100915105,809.0394232566177,818.6484985351562,362013
880,2015-10-07 00:00:00+05:30,825.9336328205553,855.4312625641466,820.1681760955659,848.4591064453125,456243
881,2015-10-08 00:00:00+05:30,850.0679656808693,868.8391825886488,834.51464984863,859.1854248046875,375292
882,2015-10-09 00:00:00+05:30,864.3698247541552,871.47608189809,844.7047408404102,853.1071166992188,220000
883,2015-10-12 00:00:00+05:30,856.7272696306815,856.7272696306815,840.0566198405974,844.302490234375,82844
884,2015-10-13 00:00:00+05:30,844.7047654286448,861.9563968164072,841.4868643356626,846.3583984375,147562
885,2015-10-14 00:00:00+05:30,844.6154185834423,850.9618559805283,831.9671716952487,835.810791015625,86025
886,2015-10-15 00:00:00+05:30,841.1293509734253,851.8557614002915,831.2968080821312,832.9951782226562,144767
887,2015-10-16 00:00:00+05:30,838.000729932775,840.2353985459291,826.8720693277999,828.5257568359375,95128
888,2015-10-19 00:00:00+05:30,832.1906869777275,845.7774846153636,832.1906869777275,836.7493896484375,89726
889,2015-10-20 00:00:00+05:30,840.2354871994208,848.2802950555855,832.0118949238724,837.6432495117188,140609
890,2015-10-21 00:00:00+05:30,840.3247667236943,848.280208840285,832.2799596851669,834.8275146484375,97101
891,2015-10-23 00:00:00+05:30,842.4254556294651,842.4254556294651,823.9223870431463,825.218505859375,148110
892,2015-10-26 00:00:00+05:30,827.4085042686019,831.2968062166775,812.3021211283932,813.9110717773438,151226
893,2015-10-27 00:00:00+05:30,813.3299884588412,820.3468258930683,809.0393811907572,812.0785522460938,88196
894,2015-10-28 00:00:00+05:30,812.5254729195926,824.5033179956874,811.6316055126404,815.4305419921875,138030
895,2015-10-29 00:00:00+05:30,822.2687292610022,824.0564642483663,805.3746118074757,812.033935546875,174358
896,2015-10-30 00:00:00+05:30,814.3133617689323,819.006166543122,782.1788114989632,796.7935791015625,217271
897,2015-11-02 00:00:00+05:30,800.0114184151724,802.6930209349998,779.9440819803289,792.8157958984375,91638
898,2015-11-03 00:00:00+05:30,797.6873741058178,804.4807452427082,791.162097748531,801.7097778320312,133038
899,2015-11-04 00:00:00+05:30,803.9443676357857,810.51427125395,793.7542573735955,795.5419921875,69130
900,2015-11-05 00:00:00+05:30,792.1007974281505,798.1344037423582,766.9384026059595,779.005615234375,78369
901,2015-11-06 00:00:00+05:30,766.9383734524979,776.4580848759833,766.0445058843715,768.2791748046875,74068
902,2015-11-09 00:00:00+05:30,758.089068114981,765.1506437765115,743.072103774762,749.1951293945312,176384
903,2015-11-10 00:00:00+05:30,749.7760939378516,756.2566337091409,740.1223352589861,743.7871704101562,124199
904,2015-11-13 00:00:00+05:30,754.424240658562,754.424240658562,741.4631606946413,749.06103515625,63416
905,2015-11-16 00:00:00+05:30,746.4687968306292,752.636504977014,742.848644030511,745.0833129882812,70922
906,2015-11-17 00:00:00+05:30,746.4687594621481,800.9053143712574,746.4687594621481,783.6983642578125,574313
907,2015-11-18 00:00:00+05:30,790.5364470721843,791.9219308001733,760.2789991470423,765.7763061523438,171009
908,2015-11-19 00:00:00+05:30,770.5138324301919,774.938487739027,761.5751568799576,766.8042602539062,76530
909,2015-11-20 00:00:00+05:30,768.726023030244,783.6536206679971,761.8879150722132,777.30712890625,200541
910,2015-11-23 00:00:00+05:30,777.6647127449002,784.8156526322095,764.6589517363245,766.8489379882812,92932
911,2015-11-24 00:00:00+05:30,766.1337966808472,775.8322915909213,761.5750943474784,765.2399291992188,68401
912,2015-11-26 00:00:00+05:30,766.4913297285971,791.0726843263072,765.3293129681731,776.9049072265625,183630
913,2015-11-27 00:00:00+05:30,777.5752742375704,784.726213448189,770.5136999441501,774.9383544921875,74795
914,2015-11-30 00:00:00+05:30,780.3463672523411,789.2850427076944,770.5138242514524,774.0892944335938,76847
915,2015-12-01 00:00:00+05:30,777.6646922134825,808.6819040672583,773.1953549019107,786.1564331054688,241546
916,2015-12-02 00:00:00+05:30,788.3911517129426,790.7151854392722,774.0892714097599,776.0111083984375,85876
917,2015-12-03 00:00:00+05:30,777.6647557944624,786.51406621782,770.8713843483912,777.3966064453125,121420
918,2015-12-04 00:00:00+05:30,774.0892090458708,776.7261289257975,763.3627996826486,764.8823852539062,98233
919,2015-12-07 00:00:00+05:30,767.5640608643446,772.9272660579131,750.9380920298756,752.8152465820312,72951
920,2015-12-08 00:00:00+05:30,750.5358337365844,753.530267901156,722.9599898933421,732.1221313476562,98145
921,2015-12-09 00:00:00+05:30,731.8539802649296,737.2618674671751,710.6246281656416,713.082763671875,110803
922,2015-12-10 00:00:00+05:30,719.0270385359793,741.0161572042666,710.579979752882,734.0886840820312,149305
923,2015-12-11 00:00:00+05:30,741.7312150791223,741.7312150791223,717.7755778144663,728.0550537109375,97965
924,2015-12-14 00:00:00+05:30,715.0939184351918,734.7590011921595,699.0936701872698,703.38427734375,294466
925,2015-12-15 00:00:00+05:30,705.2614536937025,722.6025049230498,670.4006213818465,710.26708984375,155393
926,2015-12-16 00:00:00+05:30,719.3844871893788,734.1779820477535,712.8592659485896,719.8314208984375,260042
927,2015-12-17 00:00:00+05:30,720.9041740824406,731.183650836251,713.3509824257804,716.1666870117188,167150
928,2015-12-18 00:00:00+05:30,715.6302947179064,722.0214691304849,712.4123935586462,716.6582641601562,103093
929,2015-12-21 00:00:00+05:30,718.6694640324746,725.8204039730963,715.1833589884848,721.4851684570312,107586
930,2015-12-22 00:00:00+05:30,725.8204158535362,777.4859468587356,724.1220457669024,764.9718017578125,814575
931,2015-12-23 00:00:00+05:30,763.3628781080881,770.9607521876183,750.8934150308021,757.508056640625,222437
932,2015-12-24 00:00:00+05:30,762.3349107603639,793.6650117282129,757.8208905883531,770.2009887695312,472163
933,2015-12-28 00:00:00+05:30,773.7764262309678,795.0057794391821,766.2679173785991,787.2738037109375,321775
934,2015-12-29 00:00:00+05:30,791.0280467474455,817.8440714664458,773.4188462705002,800.1007690429688,882385
935,2015-12-30 00:00:00+05:30,804.4807633525695,825.933583708638,793.3074194171171,806.2238159179688,912249
936,2015-12-31 00:00:00+05:30,811.6317105132432,839.1628192975982,811.6317105132432,827.5425415039062,727233
937,2016-01-01 00:00:00+05:30,825.933505289132,836.1236158136865,823.3412679192935,828.6597900390625,242647
938,2016-01-04 00:00:00+05:30,823.2519502327283,833.9783600077476,808.994752995297,817.7099609375,213714
939,2016-01-05 00:00:00+05:30,817.1736571816085,824.101130118158,797.3297883099597,802.6929931640625,158961
940,2016-01-06 00:00:00+05:30,804.4808059511282,817.8888193836469,797.4192303870631,809.6205444335938,288723
941,2016-01-07 00:00:00+05:30,801.7991033812496,804.4807057336952,781.2401520124996,795.0504150390625,266817
942,2016-01-08 00:00:00+05:30,801.441551127401,811.6316621000516,759.8767138061979,804.391357421875,176504
943,2016-01-11 00:00:00+05:30,797.195750548091,815.9222865828131,791.0727796696315,805.0618286132812,207686
944,2016-01-12 00:00:00+05:30,807.0729742599442,812.436179171476,795.5420618772142,799.3856811523438,120864
945,2016-01-13 00:00:00+05:30,801.799116404712,808.7712717228501,755.6755770164073,778.1563110351562,239812
946,2016-01-14 00:00:00+05:30,770.5139159594294,783.8772482671799,752.815347362783,771.273681640625,159019
947,2016-01-15 00:00:00+05:30,776.770879063011,780.3463491622653,741.9100455952808,744.9044799804688,117091
948,2016-01-18 00:00:00+05:30,741.9100043023246,745.4854742025768,697.2166305491726,728.0103759765625,205544
949,2016-01-19 00:00:00+05:30,731.1836696155833,742.8039479835571,722.2896764147802,737.306640625,139300
950,2016-01-20 00:00:00+05:30,711.8761462509972,743.4743426582595,710.6247098446844,738.2452392578125,217882
951,2016-01-21 00:00:00+05:30,749.0609646262444,757.1057721222304,722.2449396396247,733.3289184570312,105414
952,2016-01-22 00:00:00+05:30,743.6977710158457,748.6140423386668,733.8652283702035,742.7145385742188,125004
953,2016-01-25 00:00:00+05:30,750.8040973379786,755.3181177812967,741.9101038561848,749.7314453125,63982
954,2016-01-27 00:00:00+05:30,757.195144619229,763.3628522507496,732.9713569620781,754.6476440429688,76008
955,2016-01-28 00:00:00+05:30,756.2119285850112,756.2119285850112,742.8039156668373,749.6867065429688,39393
956,2016-01-29 00:00:00+05:30,755.0945965673187,767.832208879937,750.8487257964459,763.899169921875,79048
957,2016-02-01 00:00:00+05:30,757.1057570250853,791.0727213308152,757.1057570250853,778.7820434570312,118567
958,2016-02-02 00:00:00+05:30,778.5586530847103,782.6704220817368,748.6140895045291,753.977294921875,73668
959,2016-02-03 00:00:00+05:30,745.9324205998973,745.9324205998973,723.9879846261321,727.0718383789062,100759
960,2016-02-04 00:00:00+05:30,731.1836386527016,734.7591087683627,721.6639276468161,728.23388671875,214543
961,2016-02-05 00:00:00+05:30,715.0939585570727,732.8819425991156,701.7306292950695,728.2785034179688,249840
962,2016-02-08 00:00:00+05:30,727.6081296048412,745.217329893724,718.1331561282553,729.4852294921875,55265
963,2016-02-09 00:00:00+05:30,726.7141590433613,730.1555265344708,712.4122813746113,720.5017700195312,128016
964,2016-02-10 00:00:00+05:30,720.4571540359377,729.3064634828878,712.3676646446446,717.283935546875,104332
965,2016-02-11 00:00:00+05:30,719.563353791281,722.1108544010207,664.1435675365487,683.004150390625,129495
966,2016-02-12 00:00:00+05:30,683.8980113878667,689.1718515299045,648.0539459911554,673.5738525390625,222758
967,2016-02-15 00:00:00+05:30,676.7471768626119,707.0046295884455,672.1884736646883,677.775146484375,86177
968,2016-02-16 00:00:00+05:30,683.8086456948139,685.4175963026271,659.6742229055851,661.6854248046875,127242
969,2016-02-17 00:00:00+05:30,668.6129399433963,671.2945426437042,648.0539859077037,668.25537109375,72809
970,2016-02-18 00:00:00+05:30,674.7807125991397,681.1271511080457,657.8865921463538,661.9089965820312,126535
971,2016-02-19 00:00:00+05:30,665.9313029611179,679.3393157724156,661.461965357352,667.9425048828125,54510
972,2016-02-22 00:00:00+05:30,673.75261992528,726.7142686557249,665.9312793954675,709.552001953125,219592
973,2016-02-23 00:00:00+05:30,725.1053171311238,732.7031907786424,693.1048719742198,705.5742797851562,207015
974,2016-02-24 00:00:00+05:30,706.1552835179099,709.6860708469673,688.2779345680893,697.2612915039062,139769
975,2016-02-25 00:00:00+05:30,698.06581102204,704.9932839087253,683.8979789000274,689.8869018554688,67195
976,2016-02-26 00:00:00+05:30,698.1105311972177,701.4178519235772,677.5515782938426,688.5908203125,89135
977,2016-02-29 00:00:00+05:30,688.1886395878212,754.2007354709965,673.9761239053408,727.3400268554688,804139
978,2016-03-01 00:00:00+05:30,732.9713974938222,740.0329730243232,716.881781451275,719.1611328125,243834
979,2016-03-02 00:00:00+05:30,725.7310259948375,747.8989285006166,722.4237054203122,733.5076293945312,195263
980,2016-03-03 00:00:00+05:30,736.5468714093956,739.4966234538135,726.1780295086097,732.6585693359375,122859
981,2016-03-04 00:00:00+05:30,735.6529511055323,766.0891285113705,729.3958786173929,750.8040161132812,226292
982,2016-03-08 00:00:00+05:30,757.5526354301027,775.5640856942372,750.8486298068274,761.26220703125,185790
983,2016-03-09 00:00:00+05:30,758.848824676554,758.848824676554,732.971349652359,741.2396240234375,204328
984,2016-03-10 00:00:00+05:30,746.3793479306989,782.1340472327684,744.1893616869789,761.3069458007812,235802
985,2016-03-11 00:00:00+05:30,758.8935665405232,761.307019889754,746.4687855009611,753.217529296875,90361
986,2016-03-14 00:00:00+05:30,758.6700259822312,772.122720686118,754.6029398471968,769.2176513671875,150893
987,2016-03-15 00:00:00+05:30,769.2176627799632,772.3015165526664,753.3515147257853,756.3906860351562,57271
988,2016-03-16 00:00:00+05:30,759.5192399012959,761.5751242783721,736.5468338091298,741.8653564453125,120997
989,2016-03-17 00:00:00+05:30,748.1671896321732,757.3293326354345,731.7200037838667,733.6865234375,108106
990,2016-03-18 00:00:00+05:30,738.334487311397,745.4854266558174,722.2895562458864,730.1555786132812,123908
991,2016-03-21 00:00:00+05:30,738.1557700587765,757.9996394560036,733.8652169733243,754.78173828125,176878
992,2016-03-22 00:00:00+05:30,766.6255020859561,783.6536674690253,751.9213704372091,757.64208984375,562101
993,2016-03-23 00:00:00+05:30,758.3572358775064,767.8322098925912,755.3180644461462,759.9661865234375,131091
994,2016-03-28 00:00:00+05:30,762.4691060597887,762.4691060597887,741.8207851512158,744.3682861328125,145315
995,2016-03-29 00:00:00+05:30,744.3681526761369,754.3794794806978,728.5020047205663,735.7423095703125,145762
996,2016-03-30 00:00:00+05:30,741.9100455952808,755.943776646323,741.9100455952808,744.9044799804688,97809
997,2016-03-31 00:00:00+05:30,750.5805942037184,758.8935515244964,743.8319050986859,747.8543090820312,94692
998,2016-04-01 00:00:00+05:30,750.4911096664033,755.8990515322744,742.8038712096728,745.4854736328125,69052
999,2016-04-04 00:00:00+05:30,751.7426499847274,757.776256271763,741.9994713427232,743.385009765625,103530
1000,2016-04-05 00:00:00+05:30,739.2284050136782,748.6140135416632,732.1668301077815,735.0718994140625,68872
1001,2016-04-06 00:00:00+05:30,741.5972462250753,749.9548861247426,732.0775348464413,742.893310546875,91427
1002,2016-04-07 00:00:00+05:30,745.2173067243262,749.954793315327,736.5467815158873,737.7982177734375,84206
1003,2016-04-08 00:00:00+05:30,740.1222346109741,741.7758675392831,726.8035880347737,729.217041015625,83212
1004,2016-04-11 00:00:00+05:30,735.9210680482256,736.9937199104426,726.7142441324315,732.1221313476562,113531
1005,2016-04-12 00:00:00+05:30,732.4350223190355,736.9490421038151,729.4852160399718,731.3176879882812,113906
1006,2016-04-13 00:00:00+05:30,737.3513296366498,762.2902003911548,736.1892582296432,746.7369384765625,502852
1007,2016-04-18 00:00:00+05:30,750.580530006847,757.9996191412185,737.5300321315676,742.312255859375,306800
1008,2016-04-20 00:00:00+05:30,748.167026626009,763.3627726865135,743.2507558417283,748.4798583984375,489643
1009,2016-04-21 00:00:00+05:30,753.2621054836274,772.7484048387705,749.5972162311915,760.1001586914062,772875
1010,2016-04-22 00:00:00+05:30,766.0443914755201,788.3910773412003,764.6589078633157,777.7093505859375,746530
1011,2016-04-25 00:00:00+05:30,774.9831058861108,797.0616435742653,764.7036298564796,789.106201171875,340913
1012,2016-04-26 00:00:00+05:30,787.4972725399622,795.2739307512011,777.6647299770342,789.5978393554688,240392
1013,2016-04-27 00:00:00+05:30,790.983405753153,808.9501214338848,784.1452972683707,797.240478515625,310437
1014,2016-04-28 00:00:00+05:30,799.7432914872923,803.4975460317314,780.3016726736964,785.396728515625,119143
1015,2016-04-29 00:00:00+05:30,785.218000377796,796.8382791222461,770.5138675166182,786.2012329101562,142612
1016,2016-05-02 00:00:00+05:30,786.4246645823125,817.8888134539785,783.3408106037218,812.8384399414062,448834
1017,2016-05-03 00:00:00+05:30,817.2630270149465,824.4139668633676,800.9052630231517,809.7992553710938,456975
1018,2016-05-04 00:00:00+05:30,808.0562688367503,820.5704145930717,783.5195935673511,791.4750366210938,251620
1019,2016-05-05 00:00:00+05:30,794.6481685892236,825.9335295573032,789.2849638518385,819.6317749023438,532713
1020,2016-05-06 00:00:00+05:30,781.2402626537718,797.329879047099,773.2848193919101,794.380126953125,562330
1021,2016-05-09 00:00:00+05:30,798.0449229337657,802.6930450190645,773.195416415914,794.8717041015625,179430
1022,2016-05-10 00:00:00+05:30,795.497506405455,805.374732782831,782.8045751770968,787.4526977539062,77992
1023,2016-05-11 00:00:00+05:30,776.5920742661126,795.3632917945762,774.9831236751414,785.7095336914062,100824
1024,2016-05-12 00:00:00+05:30,786.6033737927975,819.6764701909037,775.8769641501684,795.5867309570312,419417
1025,2016-05-13 00:00:00+05:30,791.072712650088,793.7096326037231,777.7540654955287,782.08935546875,93763
1026,2016-05-16 00:00:00+05:30,786.0670755146419,786.0670755146419,773.1953621143114,777.3518676757812,68354
1027,2016-05-17 00:00:00+05:30,778.6480025075367,791.0727832998168,776.2346037636851,778.0223388671875,69280
1028,2016-05-18 00:00:00+05:30,776.6367033487164,785.1731810457923,771.4076006481391,776.9049072265625,63915
1029,2016-05-19 00:00:00+05:30,779.0501575259966,790.8939011228027,760.9046593797161,764.1672973632812,95190
1030,2016-05-20 00:00:00+05:30,766.7595119368173,774.044553707543,762.4689589526552,766.089111328125,53797
1031,2016-05-23 00:00:00+05:30,794.6481723967788,834.8722081199004,794.6481723967788,822.7603149414062,1359708
1032,2016-05-24 00:00:00+05:30,823.251978158429,823.251978158429,807.207045414231,815.7434692382812,170823
1033,2016-05-25 00:00:00+05:30,821.1960736207552,829.3302459533148,811.7210454964312,823.967041015625,147012
1034,2016-05-26 00:00:00+05:30,837.5538903800376,839.6097748238237,823.9670927729693,833.6655883789062,219224
1035,2016-05-27 00:00:00+05:30,832.1906136495093,880.4594569761188,828.2128925009409,861.5541381835938,540367
1036,2016-05-30 00:00:00+05:30,863.2079219329615,866.5152428483447,848.280322625449,853.9563598632812,97879
1037,2016-05-31 00:00:00+05:30,850.0679183788685,867.0513993980047,850.0679183788685,856.5931396484375,167145
1038,2016-06-01 00:00:00+05:30,854.135162890664,905.8006985709618,853.7776485898355,892.660888671875,514715
1039,2016-06-02 00:00:00+05:30,893.6886956312933,893.6886956312933,871.0738592977806,879.744384765625,235714
1040,2016-06-03 00:00:00+05:30,883.1411775939189,896.4150894625482,865.9789089802193,869.643798828125,266406
1041,2016-06-06 00:00:00+05:30,871.9677825433002,883.990311830174,865.978859132559,879.0293579101562,72803
1042,2016-06-07 00:00:00+05:30,883.0517350758955,886.8953544579664,870.2693860352266,879.3421630859375,97895
1043,2016-06-08 00:00:00+05:30,882.2472027982652,883.8114708883331,874.0236110704403,879.744384765625,80373
1044,2016-06-09 00:00:00+05:30,880.4595085754577,893.8675213964037,880.4595085754577,887.968017578125,188028
1045,2016-06-10 00:00:00+05:30,894.582565072719,898.3368194085814,867.9453250206293,874.91748046875,251998
1046,2016-06-13 00:00:00+05:30,860.794400151385,874.2024126148023,849.1741226830901,865.2190551757812,198379
1047,2016-06-14 00:00:00+05:30,872.3253464185806,897.4430022482071,872.3253464185806,886.9847412109375,187295
1048,2016-06-15 00:00:00+05:30,892.0797766344509,904.5492393335454,888.057372831991,894.4485473632812,260682
1049,2016-06-16 00:00:00+05:30,907.2756668424955,910.6723530088591,871.4762782889,887.8340454101562,222539
1050,2016-06-17 00:00:00+05:30,902.8062118568453,915.0522080182536,886.7165961999906,893.3312377929688,329602
1051,2016-06-20 00:00:00+05:30,880.459574053362,891.9904877598426,875.9902361140048,878.3142700195312,107137
1052,2016-06-21 00:00:00+05:30,880.459565084336,884.6607536160047,872.3700744079747,880.86181640625,64598
1053,2016-06-22 00:00:00+05:30,882.3812660334308,888.7723855009269,866.1575501595197,870.6715698242188,68150
1054,2016-06-23 00:00:00+05:30,873.3086020755004,882.4260620567445,865.0403271837927,876.3924560546875,61158
1055,2016-06-24 00:00:00+05:30,862.135201436995,863.4313202199861,820.5256803350968,858.068115234375,190272
1056,2016-06-27 00:00:00+05:30,858.0681715626616,870.3588504615145,853.6435162476054,858.8726196289062,108105
1057,2016-06-28 00:00:00+05:30,866.1128920529666,937.22003805858,861.8670215896587,893.4205322265625,698836
1058,2016-06-29 00:00:00+05:30,896.5490290602961,907.096653784832,886.7164873657166,893.15234375,172332
1059,2016-06-30 00:00:00+05:30,919.7896549068078,919.7896549068078,889.8897762046369,894.5825805664062,267159
1060,2016-07-01 00:00:00+05:30,898.3368880461171,913.5326364011261,891.2306301098056,901.86767578125,246577
1061,2016-07-04 00:00:00+05:30,905.4878398228662,923.3651910533276,897.9346480165271,915.2310180664062,251699
1062,2016-07-05 00:00:00+05:30,909.0632245940072,924.5271756002305,898.7837486030229,902.04638671875,107438
1063,2016-07-07 00:00:00+05:30,905.4878814294593,936.7732475203094,902.8509610903322,931.2759399414062,295495
1064,2016-07-08 00:00:00+05:30,931.2758087073411,960.9075373806673,915.3202960723753,952.0582275390625,400393
1065,2016-07-11 00:00:00+05:30,963.589143545043,965.376878505238,946.6503984430695,960.0584106445312,197351
1066,2016-07-12 00:00:00+05:30,960.9075432930713,976.5054872104206,947.499531061075,970.2931518554688,208914
1067,2016-07-13 00:00:00+05:30,938.7395706939686,982.1816169048873,938.7395706939686,949.8682861328125,142055
1068,2016-07-14 00:00:00+05:30,949.2873216661325,959.343331429545,933.2870709751874,936.9966430664062,71225
1069,2016-07-15 00:00:00+05:30,944.8180069674687,944.8180069674687,902.8062318232198,910.5382080078125,133019
1070,2016-07-18 00:00:00+05:30,911.7448655756416,926.9406133352356,898.336852846588,905.48779296875,165653
1071,2016-07-19 00:00:00+05:30,909.6889716690392,909.6889716690392,893.7334039542634,896.9066772460938,59481
1072,2016-07-20 00:00:00+05:30,892.1691794580447,946.9633038959502,884.9288741290181,928.0579833984375,428581
1073,2016-07-21 00:00:00+05:30,934.0468435939164,936.4156144011938,910.1806238881464,913.845458984375,155918
1074,2016-07-22 00:00:00+05:30,924.1695495981056,986.829634068854,922.7393835455786,967.16455078125,481910
1075,2016-07-25 00:00:00+05:30,968.9525147062086,968.9525147062086,934.091676999989,944.3711547851562,206391
1076,2016-07-26 00:00:00+05:30,944.8180022424049,953.2650069609472,916.2142405851135,921.7115478515625,101823
1077,2016-07-27 00:00:00+05:30,926.0467392571187,951.9688970162466,916.2141966588289,943.7006225585938,236602
1078,2016-07-28 00:00:00+05:30,987.7235321330134,995.7683391820605,952.1475639813553,956.4381713867188,484854
1079,2016-07-29 00:00:00+05:30,957.3320399204241,962.2930479188245,940.3485583532083,942.1810302734375,96243
1080,2016-08-01 00:00:00+05:30,943.119596454304,950.9409372370978,922.6500084683973,935.7005615234375,103318
1081,2016-08-02 00:00:00+05:30,935.8792902149917,938.6056297874718,910.8509997412384,914.2030029296875,110884
1082,2016-08-03 00:00:00+05:30,916.7504546927466,924.258963257816,902.1804258545993,913.264404296875,121007
1083,2016-08-04 00:00:00+05:30,919.789693651338,929.6222365377954,907.275548159483,921.9349975585938,478478
1084,2016-08-05 00:00:00+05:30,921.9349941946409,922.4712928908258,909.0632799127615,911.655517578125,257009
1085,2016-08-08 00:00:00+05:30,915.6780121911794,917.5551123711418,902.8062966340509,908.035400390625,158351
1086,2016-08-09 00:00:00+05:30,911.2085108768615,911.2085108768615,893.8674603236467,895.878662109375,123016
1087,2016-08-10 00:00:00+05:30,898.2921378488221,904.5938926917777,863.8335572946105,871.7442626953125,169477
1088,2016-08-11 00:00:00+05:30,878.671712349721,900.1245313694496,869.0626371638008,891.1411743164062,175570
1089,2016-08-12 00:00:00+05:30,892.0351037693636,906.9179652642113,885.822713585023,896.6384887695312,156044
1090,2016-08-16 00:00:00+05:30,892.9736318013572,901.9123067943638,882.2472218097494,895.3870849609375,78106
1091,2016-08-17 00:00:00+05:30,894.7613533747669,895.2082871177114,880.4594736005449,884.4371948242188,55455
1092,2016-08-18 00:00:00+05:30,888.5042504662343,893.867455197419,884.9287806454447,888.0126342773438,50700
1093,2016-08-19 00:00:00+05:30,887.6104107608903,894.7613506260334,883.1857558078647,886.805908203125,75511
1094,2016-08-22 00:00:00+05:30,893.7781922561546,906.0241341437662,883.1411465026679,885.867431640625,152728
1095,2016-08-23 00:00:00+05:30,886.2696189094809,899.766996224752,886.2696189094809,893.1077270507812,105965
1096,2016-08-24 00:00:00+05:30,891.6328624500389,895.0742306225225,879.5656507777828,881.4874877929688,71835
1097,2016-08-25 00:00:00+05:30,895.6551591903274,899.2306288876939,881.4873823374475,885.1968994140625,144537
1098,2016-08-26 00:00:00+05:30,886.8953706862316,890.2920563753918,877.7779110046533,881.5321655273438,65331
1099,2016-08-29 00:00:00+05:30,880.4594583751453,887.2528293274893,871.5207836708291,879.833740234375,84803
1100,2016-08-30 00:00:00+05:30,881.3533144598235,892.0350415049578,878.9398614093682,883.990234375,104714
1101,2016-08-31 00:00:00+05:30,885.0181788544824,892.169118765016,879.5656089956373,883.5880126953125,97321
1102,2016-09-01 00:00:00+05:30,904.5044978389878,912.4598854391456,884.034911334989,887.2081298828125,250894
1103,2016-09-02 00:00:00+05:30,890.2026700992004,895.6552400570497,882.2919099451292,892.928955078125,242600
1104,2016-09-06 00:00:00+05:30,889.8452165565759,899.0520421398651,888.5937800644454,890.6497192382812,72165
1105,2016-09-07 00:00:00+05:30,893.7781655919708,895.2083318178684,876.0795448417581,877.509765625,132976
1106,2016-09-08 00:00:00+05:30,883.141135192097,890.3814404896608,874.6940759733754,882.8729858398438,136515
1107,2016-09-09 00:00:00+05:30,890.3412376970102,895.2900773203893,854.7995713109244,856.3292236328125,344009
1108,2016-09-12 00:00:00+05:30,849.3108457500359,849.4008026811205,832.304811949191,836.2188720703125,164854
1109,2016-09-14 00:00:00+05:30,836.2188126467681,872.6152855233988,835.9039084915886,859.9282836914062,231995
1110,2016-09-15 00:00:00+05:30,860.6481993436917,881.7032844211211,855.6993597238377,875.2247924804688,135453
1111,2016-09-16 00:00:00+05:30,881.793083761393,892.6355285524634,864.6970954027537,878.8237915039062,295338
1112,2016-09-19 00:00:00+05:30,881.7482345925788,895.2900479522244,881.7482345925788,889.0814819335938,151592
1113,2016-09-20 00:00:00+05:30,894.3902653794302,935.7805593507117,892.5906873806788,910.4514770507812,1004441
1114,2016-09-21 00:00:00+05:30,906.9872533894699,934.7907536602814,904.332865027247,924.9830322265625,352851
1115,2016-09-22 00:00:00+05:30,936.6803266620075,950.9869933883264,912.83591873065,945.1832885742188,412343
1116,2016-09-23 00:00:00+05:30,952.8315472007848,970.872361145969,937.5801671122333,943.1138916015625,441599
1117,2016-09-26 00:00:00+05:30,953.7763233354657,975.1012783278628,930.3818097442185,962.5942993164062,513605
1118,2016-09-27 00:00:00+05:30,980.7698967445936,1063.6404321075288,966.3732744070583,1034.982177734375,2975201
1119,2016-09-28 00:00:00+05:30,1043.7551385695722,1140.6623605172763,1043.7551385695722,1125.18603515625,2621422
1120,2016-09-29 00:00:00+05:30,1158.9280528860365,1258.8046164499729,1139.1326979454366,1177.86865234375,5220531
1121,2016-09-30 00:00:00+05:30,1196.7193281683626,1239.9091986586493,1154.5192035759742,1215.83984375,1992050
1122,2016-10-03 00:00:00+05:30,1255.2056607740842,1277.7003858775624,1217.9543740352192,1231.76611328125,1290136
1123,2016-10-04 00:00:00+05:30,1235.4102261096548,1239.009381903128,1183.6723615784786,1193.3450927734375,934232
1124,2016-10-05 00:00:00+05:30,1197.7990032806883,1214.6251225057154,1172.2900085800993,1179.75830078125,450614
1125,2016-10-06 00:00:00+05:30,1184.1223572365266,1189.206187196727,1123.6115452880795,1136.928466796875,640525
1126,2016-10-07 00:00:00+05:30,1142.731971703965,1191.320575225236,1122.1718160703385,1167.251220703125,901687
1127,2016-10-10 00:00:00+05:30,1171.5253181045186,1199.4187780593882,1148.1308033036603,1189.3861083984375,548663
1128,2016-10-13 00:00:00+05:30,1170.6254731178103,1201.2182987027493,1160.7277942520948,1187.9464111328125,654698
1129,2016-10-14 00:00:00+05:30,1191.3205168053014,1218.3141841045153,1189.6559292893526,1210.35107421875,655524
1130,2016-10-17 00:00:00+05:30,1214.7151398694518,1227.941994124132,1201.2183049820135,1219.9339599609375,414790
1131,2016-10-18 00:00:00+05:30,1227.3121246772455,1238.4244962139676,1216.5146573047184,1226.232421875,310965
1132,2016-10-19 00:00:00+05:30,1226.2322751312101,1230.7312193313724,1173.774541822317,1180.6129150390625,308580
1133,2016-10-20 00:00:00+05:30,1187.7214705955366,1193.4801421174438,1165.3617360900876,1172.5150146484375,199464
1134,2016-10-21 00:00:00+05:30,1174.2246289289212,1186.3717802626686,1158.0284271505911,1162.7523193359375,249589
1135,2016-10-24 00:00:00+05:30,1169.725915003231,1179.5336388734593,1163.4273908455214,1168.4212646484375,123997
1136,2016-10-25 00:00:00+05:30,1169.680704222081,1169.7257376085386,1143.181961255114,1146.736083984375,136689
1137,2016-10-26 00:00:00+05:30,1165.2267805413285,1190.3309161591064,1162.6173704166263,1168.9158935546875,291522
1138,2016-10-27 00:00:00+05:30,1168.7359671901875,1172.335123230599,1120.9121593357122,1138.77294921875,182321
1139,2016-10-28 00:00:00+05:30,1141.3372931605804,1165.2267346279225,1138.3230220307848,1156.9036865234375,122911
1140,2016-11-01 00:00:00+05:30,1176.0241096109064,1178.7234763506408,1129.730013959469,1136.7933349609375,103048
1141,2016-11-02 00:00:00+05:30,1135.5335616593256,1159.8278613144776,1120.4620979843703,1126.7606201171875,245409
1142,2016-11-03 00:00:00+05:30,1133.6891368263791,1254.9357078074477,1133.6891368263791,1188.306396484375,1226635
1143,2016-11-04 00:00:00+05:30,1196.629460313981,1218.31435410266,1151.819922409758,1199.1488037109375,542095
1144,2016-11-07 00:00:00+05:30,1219.3491472997084,1246.7476798074265,1201.2183760605765,1215.6600341796875,371985
1145,2016-11-08 00:00:00+05:30,1225.3327212510812,1227.7621076500063,1188.8011994707708,1195.009765625,173369
1146,2016-11-09 00:00:00+05:30,1106.740486255771,1169.725717180896,1035.8821014650052,1157.2186279296875,470597
1147,2016-11-10 00:00:00+05:30,1180.5681297752942,1259.4795763537534,1180.5681297752942,1236.9398193359375,876843
1148,2016-11-11 00:00:00+05:30,1223.713139089823,1232.7110298184248,1160.9528512578268,1171.345458984375,462470
1149,2016-11-15 00:00:00+05:30,1174.494549110142,1178.5435993463238,1092.3437748277133,1101.296630859375,298162
1150,2016-11-16 00:00:00+05:30,1122.0369307700914,1192.2204757581162,1107.6403061571632,1162.302490234375,631292
1151,2016-11-17 00:00:00+05:30,1166.1264651377169,1187.7213996773041,1153.7093338424472,1176.7440185546875,356286
1152,2016-11-18 00:00:00+05:30,1175.1245039950884,1178.858650535014,1158.0285119767832,1165.40673828125,211371
1153,2016-11-21 00:00:00+05:30,1176.0242343862187,1177.64389853691,1088.7447005411818,1096.0780029296875,304341
1154,2016-11-22 00:00:00+05:30,1124.7362807972902,1130.9448470347968,1093.738592833528,1111.779296875,286665
1155,2016-11-23 00:00:00+05:30,1129.2351904808002,1141.8322364303867,1108.3150963145224,1115.37841796875,267631
1156,2016-11-24 00:00:00+05:30,1105.0308829077192,1120.2373394427611,1101.3868032481932,1114.65869140625,190692
1157,2016-11-25 00:00:00+05:30,1124.7364541721804,1128.1556969278818,1112.139405885452,1117.043212890625,134691
1158,2016-11-28 00:00:00+05:30,1122.6665058960787,1154.249182448516,1118.8874366554055,1123.611328125,208582
1159,2016-11-29 00:00:00+05:30,1129.145197589524,1135.6236342222733,1098.6423296154965,1104.4010009765625,203852
1160,2016-11-30 00:00:00+05:30,1113.9386557377115,1120.1472211014902,1091.4439332874347,1094.0982666015625,369198
1161,2016-12-01 00:00:00+05:30,1095.0881482205652,1124.7361491778886,1086.1351825706004,1091.39892578125,155199
1162,2016-12-02 00:00:00+05:30,1087.754968326949,1093.2436593818545,1063.6405786541327,1076.822509765625,203317
1163,2016-12-05 00:00:00+05:30,1076.0576653413016,1090.2293418051677,1066.564847647957,1078.3970947265625,155411
1164,2016-12-06 00:00:00+05:30,1085.0554794486272,1131.0346712445255,1082.401036234924,1113.668701171875,302620
1165,2016-12-07 00:00:00+05:30,1124.7361825807147,1147.230906232329,1116.053197283688,1140.9774169921875,328463
1166,2016-12-08 00:00:00+05:30,1150.3351448477313,1169.7256407505654,1142.73197211786,1169.230712890625,298080
1167,2016-12-09 00:00:00+05:30,1177.5087480604782,1271.40169638129,1124.7361079098462,1196.584228515625,4239446
1168,2016-12-12 00:00:00+05:30,1198.2489750089926,1223.7130478064457,1182.3227535424041,1207.516845703125,557777
1169,2016-12-13 00:00:00+05:30,1212.9155254737673,1219.2140482321622,1203.0178468534323,1211.970703125,253169
1170,2016-12-14 00:00:00+05:30,1218.314228196977,1218.314228196977,1160.8176928012706,1171.97509765625,246310
1171,2016-12-15 00:00:00+05:30,1158.9283402863741,1200.228681212844,1155.329183950081,1181.1981201171875,345264
1172,2016-12-16 00:00:00+05:30,1192.3102272517958,1193.1200592142395,1162.61719410393,1181.0628662109375,232536
1173,2016-12-19 00:00:00+05:30,1177.7788090116067,1187.6315648104264,1159.0632630563066,1164.1920166015625,131569
1174,2016-12-20 00:00:00+05:30,1164.327024874932,1173.324915329916,1140.9325096919736,1146.826171875,114831
1175,2016-12-21 00:00:00+05:30,1152.1797610799315,1157.0835669675598,1133.9590346747236,1138.2330322265625,116782
1176,2016-12-22 00:00:00+05:30,1136.433371846386,1136.433371846386,1114.1185633652292,1119.202392578125,153945
1177,2016-12-23 00:00:00+05:30,1113.938740719442,1150.8300883523152,1111.3293307486372,1127.6605224609375,148595
1178,2016-12-26 00:00:00+05:30,1116.908172369578,1123.8365039996565,1081.7713666401817,1089.5994873046875,147023
1179,2016-12-27 00:00:00+05:30,1091.4439291197543,1109.4397070112589,1087.8898069211868,1098.8671875,125371
1180,2016-12-28 00:00:00+05:30,1103.276322852715,1140.3026627922682,1103.276322852715,1132.9693603515625,287346
1181,2016-12-29 00:00:00+05:30,1144.2616579338899,1158.9282629607173,1120.4172487968874,1137.963134765625,420957
1182,2016-12-30 00:00:00+05:30,1141.8321052144972,1149.0304163584813,1133.8239620993124,1140.482421875,207012
1183,2017-01-02 00:00:00+05:30,1142.7319189511695,1146.601055210183,1109.5296861102038,1125.18603515625,168892
1184,2017-01-03 00:00:00+05:30,1129.2350001654147,1146.3309882157278,1120.7769630572325,1125.5008544921875,218619
1185,2017-01-04 00:00:00+05:30,1128.3354392558208,1171.5253125287709,1122.936705096702,1152.4498291015625,509331
1186,2017-01-05 00:00:00+05:30,1160.7727744770893,1174.2245752935291,1138.8179022129098,1143.9466552734375,269483
1187,2017-01-06 00:00:00+05:30,1150.8300775729008,1150.8300775729008,1122.0818642925417,1127.615478515625,184138
1188,2017-01-09 00:00:00+05:30,1134.633986286094,1135.62373226856,1118.527740405407,1122.666748046875,139561
1189,2017-01-10 00:00:00+05:30,1128.6952573123642,1130.1348976348415,1115.7382747350348,1118.5726318359375,233113
1190,2017-01-11 00:00:00+05:30,1120.2372454662025,1127.255643228227,1109.619691895451,1115.873291015625,256441
1191,2017-01-12 00:00:00+05:30,1119.0675665976796,1123.026660275681,1097.8776009587916,1100.1719970703125,220557
1192,2017-01-13 00:00:00+05:30,1107.5052104482093,1118.437668190869,1065.350119982292,1081.0064697265625,938993
1193,2017-01-16 00:00:00+05:30,1096.7528520859435,1097.7425980346989,1061.9309513113433,1068.049560546875,535124
1194,2017-01-17 00:00:00+05:30,1067.1496354452509,1070.7487910454033,1031.1580794437245,1061.12109375,766758
1195,2017-01-18 00:00:00+05:30,1065.3501800597685,1097.5626703175315,1065.3501800597685,1087.3050537109375,610024
1196,2017-01-19 00:00:00+05:30,1086.9450789210482,1102.1964580718939,1079.7467671401141,1086.9901123046875,268665
1197,2017-01-20 00:00:00+05:30,1102.8713360048039,1110.3396286576894,1067.1497565543111,1074.7529296875,434593
1198,2017-01-23 00:00:00+05:30,1071.0189651214014,1088.6097753922788,1066.2500391547262,1069.4892578125,232389
1199,2017-01-24 00:00:00+05:30,1071.0637505151813,1071.6486352979189,1054.6426022413048,1060.626220703125,230061
1200,2017-01-25 00:00:00+05:30,1061.751107592811,1070.7940317238479,1059.7265821757908,1062.830810546875,169766
1201,2017-01-27 00:00:00+05:30,1066.2499735954398,1101.3417448783277,1054.5527165011438,1081.54638671875,596826
1202,2017-01-30 00:00:00+05:30,1083.2109593169548,1092.34383958079,1067.7346325429119,1074.6629638671875,151398
1203,2017-01-31 00:00:00+05:30,1076.147566438712,1078.621986010373,1052.7530541248268,1055.6773681640625,185023
1204,2017-02-01 00:00:00+05:30,1056.7572058172243,1079.7468599792958,1046.5896554549377,1059.6365966796875,325543
1205,2017-02-02 00:00:00+05:30,1071.648630078281,1093.2435646894303,1071.648630078281,1079.02685546875,425261
1206,2017-02-03 00:00:00+05:30,1088.7446771663895,1119.7873973004723,1071.8736336152574,1079.476806640625,1015095
1207,2017-02-06 00:00:00+05:30,1085.8653224653438,1085.8653224653438,1055.9922641471837,1058.556640625,233255
1208,2017-02-07 00:00:00+05:30,1059.6365385563001,1063.9105363092801,1031.2931850365387,1034.0374755859375,238589
1209,2017-02-08 00:00:00+05:30,1038.1764947352683,1043.440237923929,1009.7430771328178,1016.761474609375,279652
1210,2017-02-09 00:00:00+05:30,1021.2605694017186,1024.8597255934428,992.0624587313688,995.1666870117188,545879
1211,2017-02-10 00:00:00+05:30,998.6757806232969,1003.1747253870404,977.2607596128702,980.7699584960938,438861
1212,2017-02-13 00:00:00+05:30,991.5675264266853,1041.9557128875695,988.7782023579638,1037.32177734375,1125941
1213,2017-02-14 00:00:00+05:30,1039.3012841791874,1042.8103732599118,1013.1623709059747,1016.6715698242188,354446
1214,2017-02-15 00:00:00+05:30,1017.8412755283317,1024.4548125656565,978.9704345616298,988.9131469726562,364002
1215,2017-02-16 00:00:00+05:30,993.1872052259218,1014.0622674169729,989.8129962615797,1002.5,325541
1216,2017-02-17 00:00:00+05:30,1011.3629938149663,1025.5797061683784,1004.1646806917281,1010.5531616210938,385220
1217,2017-02-20 00:00:00+05:30,1014.602059041624,1022.1152752582501,1007.7636845780636,1010.7330322265625,164829
1218,2017-02-21 00:00:00+05:30,1015.3667986632989,1015.3667986632989,998.8107698211786,1008.3485107421875,258076
1219,2017-02-22 00:00:00+05:30,1011.3627300008284,1021.26040796347,1005.9639965666603,1010.4179077148438,191012
1220,2017-02-23 00:00:00+05:30,1011.8127162280683,1030.078476605434,1009.653200691024,1026.164306640625,236344
1221,2017-02-27 00:00:00+05:30,1029.0437395381423,1029.0437395381423,1003.3547189611153,1006.14404296875,90375
1222,2017-02-28 00:00:00+05:30,1007.718623208368,1012.7124959773834,998.9456806621401,1006.1890258789062,130185
1223,2017-03-01 00:00:00+05:30,1008.3934693314526,1046.9495151237224,1007.4936803484362,1023.6449584960938,474237
1224,2017-03-02 00:00:00+05:30,1025.5345445866528,1032.5978664884215,1006.1440470996853,1011.99267578125,196836
1225,2017-03-03 00:00:00+05:30,1007.7636499887943,1011.3628058816114,999.8454630895882,1003.714599609375,100089
1226,2017-03-06 00:00:00+05:30,1007.763612303307,1011.0478639001918,990.6676224517331,992.7821044921875,128211
1227,2017-03-07 00:00:00+05:30,1005.9641049544196,1005.9641049544196,985.2689578936399,990.8926391601562,126553
1228,2017-03-08 00:00:00+05:30,993.2320488583936,1004.1645069907163,990.2177777269563,1001.3751831054688,112199
1229,2017-03-09 00:00:00+05:30,999.57565566232,1001.4651906583206,980.7700429627757,985.763916015625,110957
1230,2017-03-10 00:00:00+05:30,993.322043105377,1000.5653886398035,976.9909602885166,981.8048095703125,155867
1231,2017-03-14 00:00:00+05:30,998.7656430226845,1005.0191317174178,984.8189155750705,987.2933349609375,105021
1232,2017-03-15 00:00:00+05:30,993.3219654104809,1020.3606672383563,989.8577999274838,1005.4691162109375,335317
1233,2017-03-16 00:00:00+05:30,1010.8679525131892,1018.4712357996466,1005.2893044031798,1009.6532592773438,96824
1234,2017-03-17 00:00:00+05:30,1013.0724487294099,1015.9517295707022,1003.2647267426275,1006.77392578125,96997
1235,2017-03-20 00:00:00+05:30,1012.2627485317163,1034.6675193333924,1012.2627485317163,1023.3751220703125,271233
1236,2017-03-21 00:00:00+05:30,1026.7042502037186,1033.8575285944946,1004.1644925252011,1015.3668212890625,169068
1237,2017-03-22 00:00:00+05:30,1007.808715317445,1066.249967044494,1007.808715317445,1058.1968994140625,657677
1238,2017-03-23 00:00:00+05:30,1068.004592530686,1101.1619076249099,1063.1007860349835,1097.6976318359375,728435
1239,2017-03-24 00:00:00+05:30,1100.4419771762691,1108.5400783983348,1081.6813979793224,1096.2130126953125,405040
1240,2017-03-27 00:00:00+05:30,1097.7426618952104,1109.4399197678645,1083.346036821175,1103.411376953125,250525
1241,2017-03-28 00:00:00+05:30,1102.2415628855117,1107.775287393218,1078.8920814679686,1082.7611083984375,117162
1242,2017-03-29 00:00:00+05:30,1085.1455829008623,1101.341785630726,1070.8389151886436,1073.1783447265625,241175
1243,2017-03-30 00:00:00+05:30,1075.2477602578965,1097.6525263512754,1075.2477602578965,1091.35400390625,102003
1244,2017-03-31 00:00:00+05:30,1086.2252299520442,1097.5626591499101,1080.871529371126,1084.290771484375,72686
1245,2017-04-03 00:00:00+05:30,1093.2886064213305,1093.2886064213305,1061.7509598237616,1076.1475830078125,124993
1246,2017-04-05 00:00:00+05:30,1083.3458961170993,1086.9450519181528,1059.051594459988,1065.485107421875,141929
1247,2017-04-06 00:00:00+05:30,1067.5096941226775,1089.374500972498,1056.3522885284665,1074.7529296875,236295
1248,2017-04-07 00:00:00+05:30,1069.6692643169495,1121.137153933289,1067.5546721838891,1098.41748046875,521336
1249,2017-04-10 00:00:00+05:30,1109.574805010033,1119.337493496254,1095.8079896517986,1114.208740234375,256336
1250,2017-04-11 00:00:00+05:30,1120.1472486994248,1132.6992602009282,1090.0942767979143,1103.9959716796875,297148
1251,2017-04-12 00:00:00+05:30,1096.8426875970154,1122.9365661370591,1093.2435319363196,1116.4581298828125,231018
1252,2017-04-13 00:00:00+05:30,1115.7383065041256,1120.2372512884165,1085.145481970948,1088.8345947265625,178380
1253,2017-04-17 00:00:00+05:30,1092.5237172989146,1092.5237172989146,1061.7509786328683,1063.685546875,155055
1254,2017-04-18 00:00:00+05:30,1066.0699185703231,1090.5441323919704,1027.5138768447073,1033.9024658203125,417553
1255,2017-04-19 00:00:00+05:30,1037.8617227014163,1042.3606683281726,1012.2627660201882,1020.5858154296875,328920
1256,2017-04-20 00:00:00+05:30,1034.7574619889165,1059.096801008105,1022.250371567804,1028.0540771484375,369783
1257,2017-04-21 00:00:00+05:30,1034.4874148005765,1041.4607798568527,1005.9641461828195,1009.6532592773438,244095
1258,2017-04-24 00:00:00+05:30,1016.4467023139799,1068.0495813493249,1014.9620284431664,1044.969970703125,595959
1259,2017-04-25 00:00:00+05:30,1055.227543099042,1079.3868556292641,1043.8002668060763,1046.4996337890625,501586
1260,2017-04-26 00:00:00+05:30,1055.4525686092927,1107.4604202728792,1046.8146155907384,1095.673095703125,1253467
1261,2017-04-27 00:00:00+05:30,1118.4377955258433,1122.9367408014903,1080.6466552104084,1095.5382080078125,913722
1262,2017-04-28 00:00:00+05:30,1097.2476234190033,1114.838541843963,1090.5442394793247,1093.8284912109375,684491
1263,2017-05-02 00:00:00+05:30,1097.6527464801713,1097.9226173079992,1064.0006121290478,1065.9351806640625,225123
1264,2017-05-03 00:00:00+05:30,1070.2091801909335,1071.15389284578,1034.757467594535,1038.8065185546875,427716
1265,2017-05-04 00:00:00+05:30,1043.7102416511577,1057.3420674262675,1033.1377205462502,1039.076416015625,363716
1266,2017-05-05 00:00:00+05:30,1021.2605641751031,1027.3791736047324,989.7679476586903,1008.213623046875,813567
1267,2017-05-08 00:00:00+05:30,1022.1603137451879,1023.0601027537664,996.6513173194921,1000.6553344726562,308575
1268,2017-05-09 00:00:00+05:30,1003.2647936036561,1027.9190356112879,1002.7249421396266,1016.5366821289062,283000
1269,2017-05-10 00:00:00+05:30,1020.225676897599,1025.7594008962535,1012.442480528558,1015.096923828125,112471
1270,2017-05-11 00:00:00+05:30,1012.3074885097683,1023.5098157448969,1005.96393318927,1010.8228149414062,255026
1271,2017-05-12 00:00:00+05:30,1014.0622613845431,1014.0622613845431,990.667746037606,993.72705078125,228624
1272,2017-05-15 00:00:00+05:30,996.9661368274451,1001.4650814882187,960.2997378421397,966.1033325195312,330584
1273,2017-05-16 00:00:00+05:30,967.4080964129358,984.0991152715874,954.8110513101725,968.9827270507812,530835
1274,2017-05-17 00:00:00+05:30,969.0727850696591,977.0809294021785,959.355019613058,961.6044921875,178099
1275,2017-05-18 00:00:00+05:30,954.6760384263312,960.9745608287669,896.7296103564196,902.983154296875,625823
1276,2017-05-19 00:00:00+05:30,906.4474332544559,917.7847523453352,882.6929824027194,892.7706298828125,630594
1277,2017-05-22 00:00:00+05:30,896.8197358027056,898.8442611170857,874.729926134,879.183837890625,419648
1278,2017-05-23 00:00:00+05:30,885.3023852686397,886.0222054574061,862.492702038205,871.400634765625,417784
1279,2017-05-24 00:00:00+05:30,878.1940658360563,878.1940658360563,836.8937286822041,842.112548828125,275357
1280,2017-05-25 00:00:00+05:30,843.1022409280542,899.7889444269522,842.9672506188866,893.04052734375,771765
1281,2017-05-26 00:00:00+05:30,901.1386101360137,906.8522478533471,888.0916706981982,893.850341796875,372344
1282,2017-05-29 00:00:00+05:30,895.2900078424713,904.1979404407693,877.2942287903612,879.543701171875,239091
1283,2017-05-30 00:00:00+05:30,878.6889125101129,885.84224584477,870.185895713021,877.7891235351562,169463
1284,2017-05-31 00:00:00+05:30,880.5334695024662,914.5905151781641,877.5191984018892,903.4780883789062,315742
1285,2017-06-01 00:00:00+05:30,908.5618870911559,917.5597765399418,891.2409499022431,904.6478271484375,309670
1286,2017-06-02 00:00:00+05:30,904.3778185603869,913.1957938824918,899.7889170509301,905.907470703125,164116
1287,2017-06-05 00:00:00+05:30,905.9074935948519,935.4205598361481,905.9074935948519,923.0484619140625,374548
1288,2017-06-06 00:00:00+05:30,925.0730060420842,929.4819939051691,906.0874809898406,910.58642578125,115647
1289,2017-06-07 00:00:00+05:30,913.2858278034727,931.2816076616691,913.015902089352,926.8726196289062,155176
1290,2017-06-08 00:00:00+05:30,926.7825943628485,930.8316445323949,915.0853383174921,917.604736328125,204694
1291,2017-06-09 00:00:00+05:30,911.5761770421303,963.1341285906534,911.5761770421303,946.9379272460938,465489
1292,2017-06-12 00:00:00+05:30,957.3754008154682,969.9724455630402,949.2773006206005,958.0952758789062,354242
1293,2017-06-13 00:00:00+05:30,961.8293401993099,974.9663465485421,939.06474599742,943.3836669921875,795395
1294,2017-06-14 00:00:00+05:30,958.2751749687709,976.7208473507989,947.3877512863934,962.8191528320312,676883
1295,2017-06-15 00:00:00+05:30,962.5043154362918,980.7700773251585,958.7252453118865,970.6024169921875,360200
1296,2017-06-16 00:00:00+05:30,971.7720802486475,1005.9640608499888,971.7720802486475,1000.7003173828125,839308
1297,2017-06-19 00:00:00+05:30,1004.0745631533005,1021.2605110187993,991.7924213836753,1006.3240356445312,420954
1298,2017-06-20 00:00:00+05:30,1006.4140220239266,1011.3628616494353,978.9704568279232,983.3344116210938,348977
1299,2017-06-21 00:00:00+05:30,988.4180538688488,1001.3300019268532,979.2402515139449,989.0928955078125,210889
1300,2017-06-22 00:00:00+05:30,1014.0621437401078,1021.2604553194519,986.7535711534745,991.88232421875,450340
1301,2017-06-23 00:00:00+05:30,997.5959746607415,1017.4813985197225,963.6739748498669,972.6268310546875,199497
1302,2017-06-27 00:00:00+05:30,978.0705617186986,978.8353603376362,949.3223494927918,956.3406372070312,151949
1303,2017-06-28 00:00:00+05:30,956.3407245972788,967.9930581462295,942.0790907967529,954.631103515625,213727
1304,2017-06-29 00:00:00+05:30,955.5758891092669,980.7699803475526,955.5758891092669,967.9029541015625,276022
1305,2017-06-30 00:00:00+05:30,964.5736925308854,983.6942064919687,960.9745369617403,979.2402954101562,174653
1306,2017-07-03 00:00:00+05:30,984.3691491005177,996.0664058997011,970.4224198399527,976.1810913085938,288999
1307,2017-07-04 00:00:00+05:30,971.8620177424219,990.667628664594,971.8620177424219,983.6492309570312,188556
1308,2017-07-05 00:00:00+05:30,985.2689430596315,997.8659889069693,984.9540388809527,991.2974853515625,194154
1309,2017-07-06 00:00:00+05:30,991.2974439863451,998.7657362192078,981.6697461397799,992.4221801757812,139773
1310,2017-07-07 00:00:00+05:30,985.5390634663778,993.3221514558796,978.8806020352234,982.2097778320312,144591
1311,2017-07-10 00:00:00+05:30,982.5694707947579,985.8986457626294,973.3016012652607,976.9007568359375,22149
1312,2017-07-11 00:00:00+05:30,977.3958167660795,1004.7494247678206,977.3958167660795,987.5634765625,287139
1313,2017-07-12 00:00:00+05:30,983.0193983695696,986.7535443674925,973.166753597805,981.984619140625,295992
1314,2017-07-13 00:00:00+05:30,985.2689533519508,1000.5653663263646,967.3631303143968,970.4674682617188,464451
1315,2017-07-14 00:00:00+05:30,968.1728170074057,999.6654272260481,968.1728170074057,986.7534790039062,446187
1316,2017-07-17 00:00:00+05:30,987.9683229711609,995.3465488434039,977.710706393573,982.6595458984375,208158
1317,2017-07-18 00:00:00+05:30,983.2893770719731,998.8556595070096,982.0296506147266,989.6778564453125,228603
1318,2017-07-19 00:00:00+05:30,995.1666887934375,1004.479483488691,987.8784194596535,996.1115112304688,148543
1319,2017-07-20 00:00:00+05:30,993.0971173726026,1000.5654103235182,989.7679418667896,992.1524047851562,114820
1320,2017-07-21 00:00:00+05:30,993.3220380784877,1022.6102144194399,985.3140037238426,1014.737060546875,512863
1321,2017-07-24 00:00:00+05:30,1022.1603357957208,1051.853373719364,1012.3976468095437,1048.7491455078125,503287
1322,2017-07-25 00:00:00+05:30,1054.4627186105467,1063.5505652633128,1036.6468530239192,1040.5609130859375,323602
1323,2017-07-26 00:00:00+05:30,1030.2585715366363,1041.6858497487942,1023.0602583730615,1026.5694580078125,248201
1324,2017-07-27 00:00:00+05:30,1025.7593805908527,1034.0824281965242,997.101125126936,1003.3546142578125,327974
1325,2017-07-28 00:00:00+05:30,1003.2647265693688,1010.2831246454016,987.3834288853176,993.1871337890625,295391
1326,2017-07-31 00:00:00+05:30,993.3669601284165,1016.7614718705712,980.7699153441794,1008.5283813476562,353822
1327,2017-08-01 00:00:00+05:30,1009.6532682165325,1014.7821316897208,998.4958620602001,1000.4754638671875,116372
1328,2017-08-02 00:00:00+05:30,998.7657234217526,1013.1173130800582,985.583793482962,1004.389404296875,479371
1329,2017-08-03 00:00:00+05:30,992.7371227251847,1003.264608765568,989.9476893061419,996.6961059570312,201151
1330,2017-08-04 00:00:00+05:30,996.7409955481844,1013.8369819308659,995.1663652234637,1006.638671875,242734
1331,2017-08-07 00:00:00+05:30,1007.7636019839957,1011.0478535472503,999.66550161091,1003.3546142578125,109217
1332,2017-08-08 00:00:00+05:30,1005.0641173114973,1019.460738508439,1000.2951926050091,1006.23388671875,239421
1333,2017-08-09 00:00:00+05:30,1005.9640205856647,1014.062120930272,968.9827176461278,982.5244750976562,317043
1334,2017-08-10 00:00:00+05:30,980.5901174890188,981.6698203775214,913.3758118227989,944.013671875,329526
1335,2017-08-11 00:00:00+05:30,915.6702623898739,944.3735523468375,901.5885431171961,936.2754516601562,288910
1336,2017-08-14 00:00:00+05:30,948.5545578187956,979.0470942858004,948.098083055649,969.1871948242188,400337
1337,2017-08-16 00:00:00+05:30,964.1204091272972,990.0937790389954,959.327424028215,980.78173828125,312441
1338,2017-08-17 00:00:00+05:30,976.9472422818174,993.7455354500736,969.5523735856483,973.523681640625,247679
1339,2017-08-18 00:00:00+05:30,941.2509622222011,953.4388161173578,933.5365275755886,940.3380126953125,352062
1340,2017-08-21 00:00:00+05:30,938.5121106699073,944.8114846743,906.2850036171825,910.7584228515625,420987
1341,2017-08-22 00:00:00+05:30,917.5143012716754,917.5143012716754,894.7818351006146,897.064208984375,178253
1342,2017-08-23 00:00:00+05:30,907.4718496073407,924.8178909982255,903.9570161406266,921.9420776367188,208516
1343,2017-08-24 00:00:00+05:30,921.9420647002655,938.238191594758,908.4760590726091,933.034423828125,193028
1344,2017-08-28 00:00:00+05:30,934.4951375007937,960.9706744623983,934.4951375007937,957.9580078125,275308
1345,2017-08-29 00:00:00+05:30,958.5970933270302,971.3783879047239,945.3593239429903,967.4983520507812,257007
1346,2017-08-30 00:00:00+05:30,968.6394706611,978.2254409174068,963.2074654268074,969.23291015625,147876
1347,2017-08-31 00:00:00+05:30,969.2328906811055,973.204198847257,953.7583292832956,959.9664306640625,210947
1348,2017-09-01 00:00:00+05:30,955.8581660908328,986.6245209375368,950.3804688639513,977.9971923828125,180620
1349,2017-09-04 00:00:00+05:30,977.9972229914717,991.4632290956717,972.2912882015565,977.4950561523438,180168
1350,2017-09-05 00:00:00+05:30,976.8559481802304,988.724291475878,969.5980443578112,982.1054077148438,144553
1351,2017-09-06 00:00:00+05:30,984.1595922878311,1010.635128629526,979.0926778241343,996.57568359375,499157
1352,2017-09-07 00:00:00+05:30,1004.0618561965737,1035.28468301137,1000.7751490000475,1014.9715576171875,267961
1353,2017-09-08 00:00:00+05:30,1023.2794297225379,1029.0766367866977,1002.4185558357103,1010.1329345703125,124147
1354,2017-09-11 00:00:00+05:30,1012.4609359634604,1025.5161576233763,1008.6721734724479,1015.9757690429688,167859
1355,2017-09-12 00:00:00+05:30,1017.8475968593768,1048.9791579348653,1016.2499349565169,1040.7169189453125,253108
1356,2017-09-13 00:00:00+05:30,1045.3273352490576,1052.6309323512344,1014.8347950586598,1019.8560180664062,184396
1357,2017-09-14 00:00:00+05:30,1019.4907138833617,1029.533158893723,1008.8092487681371,1013.6022338867188,206776
1358,2017-09-15 00:00:00+05:30,1012.4611106278938,1019.9929448593457,997.4887148365626,1004.5184936523438,190180
1359,2017-09-18 00:00:00+05:30,1004.244673101139,1027.9813653744386,1004.244673101139,1015.4739990234375,289335
1360,2017-09-19 00:00:00+05:30,1017.9387714762364,1017.9387714762364,1006.4356291725775,1011.1829223632812,71417
1361,2017-09-20 00:00:00+05:30,1011.5481466478249,1020.8601878967494,999.6798019669387,1003.6055297851562,125221
1362,2017-09-21 00:00:00+05:30,1000.1361259962754,1007.8505042983263,982.4248843151128,993.0150756835938,126437
1363,2017-09-22 00:00:00+05:30,990.6415117667299,1009.1744317856185,976.2169760729463,991.0067138671875,257425
1364,2017-09-25 00:00:00+05:30,985.9855709579936,990.550318971688,960.3317094098396,965.1246948242188,249975
1365,2017-09-26 00:00:00+05:30,958.5970524687942,979.1384178788398,947.0482180716717,966.8135986328125,449620
1366,2017-09-27 00:00:00+05:30,968.6395559762385,972.2456624317077,929.0175198048951,935.31689453125,187912
1367,2017-09-28 00:00:00+05:30,933.9473824612156,942.1639283479713,912.1278660953576,930.5694580078125,349326
1368,2017-09-29 00:00:00+05:30,939.4251287221225,966.7679243828221,937.5992295409327,948.6915893554688,179719
1369,2017-10-03 00:00:00+05:30,972.2912815275871,973.9346353134181,953.1193407650713,968.0917358398438,196148
1370,2017-10-04 00:00:00+05:30,969.4611658492738,980.6447980261414,960.5142155301642,964.302978515625,127909
1371,2017-10-05 00:00:00+05:30,964.3029065766829,974.0258410122739,951.612886274702,956.3602905273438,90134
1372,2017-10-06 00:00:00+05:30,958.5969458894655,984.5703137980977,958.5969458894655,971.1043090820312,186904
1373,2017-10-09 00:00:00+05:30,976.8560448172178,995.1150363091284,971.5153120946419,978.8189086914062,219229
1374,2017-10-10 00:00:00+05:30,984.9813879104887,1016.9802058944075,966.6767030689762,1009.9048461914062,395337
1375,2017-10-11 00:00:00+05:30,1017.8475171423382,1030.7200840341154,998.85812114939,1007.25732421875,342268
1376,2017-10-12 00:00:00+05:30,1014.1957310093684,1038.7540974916985,1009.1288161613406,1030.4461669921875,346879
1377,2017-10-13 00:00:00+05:30,1036.608660729764,1058.839074403245,1019.6735111767563,1034.8741455078125,628814
1378,2017-10-16 00:00:00+05:30,1058.8845083003878,1058.8845083003878,1015.6563695999307,1032.500244140625,479116
1379,2017-10-17 00:00:00+05:30,1044.9621224508298,1057.0131244129796,1026.429311859443,1030.6744384765625,610183
1380,2017-10-18 00:00:00+05:30,1024.329392775632,1031.9069186010522,1006.0704018170646,1015.6563720703125,140596
1381,2017-10-19 00:00:00+05:30,1016.980079534449,1022.5034687423225,987.0809825689928,1000.2274780273438,69988
1382,2017-10-23 00:00:00+05:30,995.3431755825335,1015.1085542128774,986.4419181077069,995.4344482421875,325357
1383,2017-10-24 00:00:00+05:30,996.4844271636857,1007.8050237968171,988.4048459890037,993.9738159179688,185641
1384,2017-10-25 00:00:00+05:30,999.6797354269348,1004.0162456947686,948.6002537971176,952.2063598632812,393901
1385,2017-10-26 00:00:00+05:30,954.945145857191,975.9429836724066,940.9769743851108,961.2901000976562,497656
1386,2017-10-27 00:00:00+05:30,962.248754451695,981.3294209227024,961.6553149993281,974.4822998046875,210230
1387,2017-10-30 00:00:00+05:30,974.4824229040474,984.1596663511594,962.7053508045432,964.53125,178355
1388,2017-10-31 00:00:00+05:30,964.987616953154,973.9801471969766,954.0779150571708,962.0662231445312,205124
1389,2017-11-01 00:00:00+05:30,970.1913753474305,971.3782542582525,949.4674665682167,952.9822998046875,180885
1390,2017-11-02 00:00:00+05:30,954.9452127448784,960.1946725663727,928.4696762538636,930.8433227539062,530442
1391,2017-11-03 00:00:00+05:30,934.8603631422924,935.7733127156736,918.1533970938215,923.9049682617188,454719
1392,2017-11-06 00:00:00+05:30,929.3826258346147,936.4122926704846,924.0875296805499,927.4654541015625,179301
1393,2017-11-07 00:00:00+05:30,927.5566944113726,933.034391425613,903.8200073496643,906.6044921875,290739
1394,2017-11-08 00:00:00+05:30,912.9495004746937,917.5142479770672,890.1257629628263,894.0057983398438,269501
1395,2017-11-09 00:00:00+05:30,898.342402202636,904.7330493727767,890.8562043732098,894.37109375,164547
1396,2017-11-10 00:00:00+05:30,894.6448923093589,894.6448923093589,869.5844168678199,881.3157958984375,370571
1397,2017-11-13 00:00:00+05:30,889.3041135731057,889.3041135731057,863.8328551568679,868.3062744140625,283814
1398,2017-11-14 00:00:00+05:30,868.3062816574597,875.6098779476187,861.8243622387507,865.978271484375,192142
1399,2017-11-15 00:00:00+05:30,867.3020781490482,872.3689370401468,848.0388648073874,852.6948852539062,292054
1400,2017-11-16 00:00:00+05:30,858.1726355636295,866.9369295529173,844.4783913791035,847.9932250976562,337266
1401,2017-11-17 00:00:00+05:30,857.2139960067066,883.1874219967704,853.8360715080343,866.02392578125,453385
1402,2017-11-20 00:00:00+05:30,868.2150766081313,896.8817165683337,867.3021270007621,888.9846801757812,417422
1403,2017-11-21 00:00:00+05:30,895.6947874668158,895.6947874668158,873.8296901693446,878.0292358398438,224655
1404,2017-11-22 00:00:00+05:30,881.9092409252532,883.7351399747879,868.3062707174131,871.3646850585938,182759
1405,2017-11-23 00:00:00+05:30,871.3647609066885,875.1534683310516,862.8286486738764,867.3021240234375,172453
1406,2017-11-24 00:00:00+05:30,872.688509312603,879.0791562517875,863.5133216294439,865.8870239257812,229979
1407,2017-11-27 00:00:00+05:30,870.6800361395741,891.0388008758372,864.7458637976756,886.017578125,337440
1408,2017-11-28 00:00:00+05:30,886.9305053668868,906.1024462960731,886.8848690328879,897.9771728515625,403249
1409,2017-11-29 00:00:00+05:30,903.8200491368004,907.9283220874223,888.0260331599246,891.7691040039062,224169
1410,2017-11-30 00:00:00+05:30,890.1257774765741,899.25527263018,870.9538376540017,874.4230346679688,356151
1411,2017-12-01 00:00:00+05:30,875.4729936940712,890.0801866872353,870.0409326553345,876.4315795898438,257004
1412,2017-12-04 00:00:00+05:30,877.3444162755983,885.5609612771387,851.1883923985563,854.9315185546875,168152
1413,2017-12-05 00:00:00+05:30,861.824348598732,862.691661788865,821.6545696386215,829.0494384765625,584740
1414,2017-12-06 00:00:00+05:30,828.9581514101446,839.9135454816444,818.6418331372189,827.5430908203125,344489
1415,2017-12-07 00:00:00+05:30,829.8711215465337,882.8221942084688,829.8711215465337,868.3062744140625,734923
1416,2017-12-08 00:00:00+05:30,880.7224882209825,898.3424043156971,870.0409667813611,891.4496459960938,529284
1417,2017-12-11 00:00:00+05:30,894.6449764571286,899.2097244815825,881.7267172591153,894.6906127929688,289526
1418,2017-12-12 00:00:00+05:30,890.1258461857225,898.2511197884312,878.7139763628286,882.6396484375,198024
1419,2017-12-13 00:00:00+05:30,883.7351481329353,911.3518715120895,882.7765622674838,902.131103515625,954046
1420,2017-12-14 00:00:00+05:30,906.5132741322125,909.7085975829979,887.8434445396485,893.4124145507812,440449
1421,2017-12-15 00:00:00+05:30,893.7776938863759,906.2851150473724,888.436960803137,893.001708984375,345719
1422,2017-12-18 00:00:00+05:30,890.7192312861195,898.570574955778,861.322245273973,885.8805541992188,312166
1423,2017-12-19 00:00:00+05:30,885.5610044900851,894.6904993817354,872.0037268647902,876.7053833007812,508756
1424,2017-12-20 00:00:00+05:30,885.013302308592,886.2913982255235,874.3774179275315,878.7139282226562,585783
1425,2017-12-21 00:00:00+05:30,879.1703904707531,883.6895017530902,871.8667942882339,874.2861328125,364206
1426,2017-12-22 00:00:00+05:30,876.4315311817464,880.8136776932519,858.1725409487933,861.9613037109375,813209
1427,2017-12-26 00:00:00+05:30,867.3933177180645,877.1618887383478,862.2808226886536,864.471923828125,499719
1428,2017-12-27 00:00:00+05:30,867.2107399810628,871.4102853324132,859.1767399179349,861.9155883789062,236351
1429,2017-12-28 00:00:00+05:30,866.3890684357119,866.6173058088509,850.8689270622586,856.9400634765625,550833
1430,2017-12-29 00:00:00+05:30,864.5632306617382,867.3020793333171,829.9167838218614,832.1991577148438,1039964
1431,2018-01-01 00:00:00+05:30,835.2575717317294,847.217188635951,828.0452479448356,839.959228515625,601516
1432,2018-01-02 00:00:00+05:30,841.7394736444293,847.1715345374058,825.7628567368614,829.3690185546875,442172
1433,2018-01-03 00:00:00+05:30,831.7426686183948,839.9135781590193,826.8584108602989,831.2861938476562,315350
1434,2018-01-04 00:00:00+05:30,834.6185044798492,848.9974601460418,834.6185044798492,844.6609497070312,637710
1435,2018-01-05 00:00:00+05:30,844.4783670667414,847.947564349206,837.1747703785966,839.1376342773438,184212
1436,2018-01-08 00:00:00+05:30,843.930524661118,870.9538070783059,840.8264741290564,867.7584838867188,742779
1437,2018-01-09 00:00:00+05:30,870.9538505583264,874.7882497240557,850.6407235405876,857.1683349609375,515124
1438,2018-01-10 00:00:00+05:30,871.866789148209,871.866789148209,857.3052332007545,858.1725463867188,631952
1439,2018-01-11 00:00:00+05:30,860.9114275737372,866.2978522195808,851.5080583321288,853.5621948242188,448667
1440,2018-01-12 00:00:00+05:30,856.3467206499668,863.4677163510526,843.5654263119075,859.81591796875,285162
1441,2018-01-15 00:00:00+05:30,865.384899221087,865.4761718871201,847.6736556932395,849.4539184570312,262622
1442,2018-01-16 00:00:00+05:30,850.1841975694255,857.9899044268681,798.9220623211319,817.9570922851562,766022
1443,2018-01-17 00:00:00+05:30,795.1790747360027,798.10052450171,762.3128902463401,777.7417602539062,2310891
1444,2018-01-18 00:00:00+05:30,787.0538128904232,789.5644242426363,757.9307546379638,769.5708618164062,1273819
1445,2018-01-19 00:00:00+05:30,764.6408727739631,774.1812065700852,760.4869635293409,763.7735595703125,409607
1446,2018-01-22 00:00:00+05:30,764.1387919241525,780.1610457717067,761.3543068733729,767.6536254882812,1611225
1447,2018-01-23 00:00:00+05:30,780.1153765181335,780.1153765181335,766.9232446122473,768.8861083984375,370371
1448,2018-01-24 00:00:00+05:30,771.3510471599827,771.3510471599827,756.3330168900847,761.6281127929688,328772
1449,2018-01-25 00:00:00+05:30,765.9190284298531,767.7449275115277,747.5230728931745,751.768310546875,509320
1450,2018-01-29 00:00:00+05:30,753.0008005976016,756.1961241197852,727.6208134800903,730.3140258789062,621498
1451,2018-01-30 00:00:00+05:30,730.3140504542137,731.3182727347414,701.1909356546442,703.4276733398438,844539
1452,2018-01-31 00:00:00+05:30,719.404194280478,719.404194280478,703.1080682597577,708.1749267578125,791384
1453,2018-02-01 00:00:00+05:30,710.2291008705953,727.2099399082324,703.4276157002773,710.3203735351562,943117
1454,2018-02-02 00:00:00+05:30,710.2747365421351,710.3203728743731,665.9966841998555,672.2503662109375,772034
1455,2018-02-05 00:00:00+05:30,668.2791044631097,668.2791044631097,636.6910707212847,653.76318359375,695728
1456,2018-02-06 00:00:00+05:30,634.499963605285,645.4553586603402,613.2738856861154,639.9776611328125,961359
1457,2018-02-07 00:00:00+05:30,646.368265939091,669.1920041431549,641.8035182982782,665.3576049804688,688806
1458,2018-02-08 00:00:00+05:30,673.7567981653264,680.7408848253607,669.1920502102766,674.3958740234375,390355
1459,2018-02-09 00:00:00+05:30,660.9754260873713,666.3161582773101,642.8990374575616,658.8300170898438,266631
1460,2018-02-12 00:00:00+05:30,671.0179937137663,686.9033399353918,666.5902101937166,676.4044189453125,426459
1461,2018-02-14 00:00:00+05:30,688.3183054676101,696.5804875238501,682.2015325061559,691.5592651367188,426941
1462,2018-02-15 00:00:00+05:30,693.8415970044457,700.5517533182491,676.4955570793346,678.1388549804688,363231
1463,2018-02-16 00:00:00+05:30,681.9732990497552,686.6293193649024,663.9425458285601,677.956298828125,452544
1464,2018-02-19 00:00:00+05:30,683.7992313192734,698.31515184303,677.8650590848606,693.7047119140625,676883
1465,2018-02-20 00:00:00+05:30,693.8416589329305,696.0327601446841,685.579476638725,688.6834716796875,267124
1466,2018-02-21 00:00:00+05:30,692.9286786153345,697.3108251222536,686.6293047027524,694.7545776367188,353586
1467,2018-02-22 00:00:00+05:30,692.928702464068,693.2939045697206,676.632575426151,679.87353515625,519871
1468,2018-02-23 00:00:00+05:30,681.7906816696755,695.3023232484222,671.0178886158915,687.1314697265625,400322
1469,2018-02-26 00:00:00+05:30,691.1028407864944,696.124063539897,686.0359816979196,689.779052734375,263561
1470,2018-02-27 00:00:00+05:30,690.1898743372757,705.0709411713077,681.4712170955407,699.547607421875,392133
1471,2018-02-28 00:00:00+05:30,693.7503221250279,716.208856719985,693.3851200494946,712.237548828125,600135
1472,2018-03-01 00:00:00+05:30,711.5528600117971,716.6653549044752,701.419087165289,703.5188598632812,193320
1473,2018-03-05 00:00:00+05:30,702.9255529561495,708.8597253332862,697.6760927763748,706.4860229492188,228654
1474,2018-03-06 00:00:00+05:30,707.5359528390691,715.204751907037,686.2642379174731,696.2610473632812,313791
1475,2018-03-07 00:00:00+05:30,689.2769134077377,695.9414340088657,676.1304175387031,680.1930541992188,290989
1476,2018-03-08 00:00:00+05:30,680.1474035346332,688.7291514519309,672.5242972066427,679.2800903320312,232152
1477,2018-03-09 00:00:00+05:30,687.3140387534179,687.4510034731958,675.5826594557303,677.8193969726562,184598
1478,2018-03-12 00:00:00+05:30,680.1474455381626,683.7079712331439,663.3491507689486,672.2047729492188,311030
1479,2018-03-13 00:00:00+05:30,672.0221953132326,688.272743182953,669.5115838495651,685.4425659179688,250257
1480,2018-03-14 00:00:00+05:30,689.2769571200772,700.2323524650321,685.6707950079585,694.937255859375,397180
1481,2018-03-15 00:00:00+05:30,698.3151959575424,761.8564680697577,694.9372711740028,753.2747192382812,2115657
1482,2018-03-16 00:00:00+05:30,758.5698203658,759.528406270356,733.6919445713626,737.4806518554688,835610
1483,2018-03-19 00:00:00+05:30,744.0539028246604,745.7885293041026,692.2896508334366,698.6802978515625,538044
1484,2018-03-20 00:00:00+05:30,695.6675576368616,705.6187300283485,667.2291568436077,695.8501586914062,418083
1485,2018-03-21 00:00:00+05:30,702.6973203304702,720.317236517872,692.4722736360023,695.0741577148438,439526
1486,2018-03-22 00:00:00+05:30,698.4064200500178,702.6516578332473,677.865054754429,679.1888427734375,304139
1487,2018-03-23 00:00:00+05:30,666.4531542001172,671.6569776444393,637.695244121619,644.9988403320312,1273864
1488,2018-03-26 00:00:00+05:30,637.2387897359914,637.2387897359914,613.5021012931035,628.7940063476562,1298844
1489,2018-03-27 00:00:00+05:30,638.151675430598,643.5380995578016,622.8141355775269,626.7398071289062,637336
1490,2018-03-28 00:00:00+05:30,620.6231307061147,622.905504719981,607.2027603601766,609.2568969726562,648127
1491,2018-04-02 00:00:00+05:30,618.9797806122157,644.5423674221597,613.6390481568021,641.4840087890625,416150
1492,2018-04-03 00:00:00+05:30,638.9276843236315,674.6696794835914,634.6368662577081,668.9637451171875,726770
1493,2018-04-04 00:00:00+05:30,668.918155999712,681.9733236070904,658.2366349674862,660.290771484375,551805
1494,2018-04-05 00:00:00+05:30,669.8311009801317,680.1474198277461,666.4531764755097,676.67822265625,303790
1495,2018-04-06 00:00:00+05:30,672.0221423697849,693.7960225997729,672.0221423697849,688.6834716796875,294597
1496,2018-04-09 00:00:00+05:30,691.6505861723738,704.4775724723763,688.3639899415672,692.7005004882812,270308
1497,2018-04-10 00:00:00+05:30,693.8416759547443,699.7758481833047,669.0550727420268,678.321533203125,411229
1498,2018-04-11 00:00:00+05:30,680.1473728748759,687.3596961646371,671.474352683854,674.806640625,363098
1499,2018-04-12 00:00:00+05:30,677.4086018330343,681.0604002256651,666.4532066551415,675.5827026367188,297329
1500,2018-04-13 00:00:00+05:30,680.1473643420322,705.5273488066341,680.1473643420322,693.3851318359375,786197
1501,2018-04-16 00:00:00+05:30,692.74614996496,713.0136423648044,685.8077552474018,703.5646362304688,921715
1502,2018-04-17 00:00:00+05:30,707.4445853428738,708.8596459144778,696.6717367337249,698.0868530273438,404957
1503,2018-04-18 00:00:00+05:30,698.4063647662022,703.3363143357108,680.3756122117805,685.2142333984375,475357
1504,2018-04-19 00:00:00+05:30,689.003029694626,707.5358942313799,685.5338325834434,703.7471313476562,475614
1505,2018-04-20 00:00:00+05:30,700.2322868631358,723.6494645079262,693.0656553685324,716.8936157226562,708845
1506,2018-04-23 00:00:00+05:30,716.6197940370162,723.7407897166929,710.4117479501703,717.1675415039062,315660
1507,2018-04-24 00:00:00+05:30,717.532721994692,728.5337531121954,713.5157216185489,717.9891967773438,328040
1508,2018-04-25 00:00:00+05:30,720.317244919651,721.1845581967217,692.0158069063314,701.9669799804688,403371
1509,2018-04-26 00:00:00+05:30,702.8799013733624,704.0667246786401,684.8491472339678,695.7588500976562,499331
1510,2018-04-27 00:00:00+05:30,699.2280956315205,737.6632501121712,699.1367672416119,725.0189208984375,1027313
1511,2018-04-30 00:00:00+05:30,746.7926695134854,746.7926695134854,708.448791616705,711.2332763671875,811701
1512,2018-05-02 00:00:00+05:30,711.1877445818653,714.7939066776156,682.7037056698689,691.42236328125,377443
1513,2018-05-03 00:00:00+05:30,693.8416991575634,695.2567598995988,674.669757470315,684.5296020507812,377723
1514,2018-05-04 00:00:00+05:30,684.5295893831126,694.0699237143832,682.8862912704487,685.6707763671875,414702
1515,2018-05-07 00:00:00+05:30,704.7057894176759,704.7057894176759,684.7121717147961,698.9541625976562,558450
1516,2018-05-08 00:00:00+05:30,701.1452943191217,711.0507752117746,695.6675967072537,700.0497436523438,333214
1517,2018-05-09 00:00:00+05:30,701.190923397977,723.0560772834658,701.190923397977,719.358642578125,594547
1518,2018-05-10 00:00:00+05:30,722.9190421291864,722.9190421291864,695.256683314803,698.5433349609375,258191
1519,2018-05-11 00:00:00+05:30,701.0540235098306,708.0836908861158,689.7334261264253,699.3193969726562,268328
1520,2018-05-14 00:00:00+05:30,703.8840602266986,720.2258784662931,699.3193127544114,709.2247924804688,434035
1521,2018-05-15 00:00:00+05:30,708.3574942118158,728.0315435390476,699.7757471697229,715.7067260742188,446700
1522,2018-05-16 00:00:00+05:30,713.9264976995005,725.3383662688659,709.3617502717543,721.5039672851562,438412
1523,2018-05-17 00:00:00+05:30,723.4212596791617,730.4052904383228,713.196213377297,717.2588500976562,276407
1524,2018-05-18 00:00:00+05:30,718.4913381929391,722.0975002723652,683.1145410455739,686.720703125,394454
1525,2018-05-21 00:00:00+05:30,688.3639732904935,693.430832241265,671.0179315232264,674.943603515625,249054
1526,2018-05-22 00:00:00+05:30,672.387318327063,679.1431670321903,658.1909645020354,670.013671875,383624
1527,2018-05-23 00:00:00+05:30,671.5656233317708,680.1473708365004,657.3236335601077,660.016845703125,339958
1528,2018-05-24 00:00:00+05:30,661.8884154040404,666.2705620443808,646.6421469668817,655.26953125,493809
1529,2018-05-25 00:00:00+05:30,675.7653020969386,771.0772064851857,673.4829281069611,746.6101684570312,5201346
1530,2018-05-28 00:00:00+05:30,745.8797584182967,797.3701336750248,736.7502632112183,780.4348754882812,2215612
1531,2018-05-29 00:00:00+05:30,775.0028889509913,781.8500105200411,755.2831453989171,761.58251953125,779953
1532,2018-05-30 00:00:00+05:30,750.6727740976385,766.8776287528323,747.9339254235213,755.4657592773438,570830
1533,2018-05-31 00:00:00+05:30,757.7481647933562,787.8755014658631,744.2365219149391,781.7587280273438,1177930
1534,2018-06-01 00:00:00+05:30,786.8712677765742,791.3446872994938,760.4870025424168,766.786376953125,811827
1535,2018-06-04 00:00:00+05:30,762.4041545415995,771.5336501329108,733.6006070954162,739.9456176757812,531697
1536,2018-06-05 00:00:00+05:30,739.4434814453124,750.3532394507515,721.2301272149122,739.4434814453125,603981
1537,2018-06-06 00:00:00+05:30,743.8713314587109,757.519939279498,730.3596883683017,752.6356811523438,375507
1538,2018-06-07 00:00:00+05:30,755.4202094975657,764.3214687083256,749.5316730291194,753.1834716796875,260571
1539,2018-06-08 00:00:00+05:30,751.3574612169381,765.6907799447023,746.4275114790772,757.7481079101562,225615
1540,2018-06-11 00:00:00+05:30,758.6610412768455,771.2597333449819,752.3160310507646,757.5654907226562,331765
1541,2018-06-12 00:00:00+05:30,755.9222605368867,772.3553531572538,755.9222605368867,760.8065185546875,281457
1542,2018-06-13 00:00:00+05:30,764.1387988880207,770.5294459516003,744.0539081167705,747.7513427734375,386090
1543,2018-06-14 00:00:00+05:30,747.2492064091597,751.5400804370367,740.6759585070944,749.4403076171875,291245
1544,2018-06-15 00:00:00+05:30,749.4403410479334,756.6982457139944,732.2768441708022,737.6632690429688,260320
1545,2018-06-18 00:00:00+05:30,737.6632702688024,737.6632702688024,718.0348540425905,724.334228515625,282641
1546,2018-06-19 00:00:00+05:30,721.0475196645497,722.827782372738,699.5019332839573,708.5401000976562,325572
1547,2018-06-20 00:00:00+05:30,708.4488380406405,716.756656507207,704.1123277562423,712.511474609375,260324
1548,2018-06-21 00:00:00+05:30,721.1845087234573,723.0560441579979,692.0157594340435,695.8501586914062,441728
1549,2018-06-22 00:00:00+05:30,695.5762952828767,706.8968364462348,688.5009361600206,703.1994018554688,305234
1550,2018-06-25 00:00:00+05:30,700.8257904029365,710.0465591750965,688.4552786098607,693.4765014648438,296652
1551,2018-06-26 00:00:00+05:30,693.65908295242,694.7546335978983,682.1103041451416,690.7833251953125,262960
1552,2018-06-27 00:00:00+05:30,692.0157548900561,692.0157548900561,672.2503749582809,676.9520874023438,355304
1553,2018-06-28 00:00:00+05:30,672.8893749001321,674.5326727508864,659.651607994704,663.3034057617188,565438
1554,2018-06-29 00:00:00+05:30,666.133647254503,673.2546424483884,661.4319348833644,667.4117431640625,267298
1555,2018-07-02 00:00:00+05:30,671.0179584154675,671.0179584154675,652.3024915480974,656.5477294921875,250536
1556,2018-07-03 00:00:00+05:30,658.2365886285012,692.9286695825692,649.6548410510572,684.48388671875,719332
1557,2018-07-04 00:00:00+05:30,688.181333826874,688.181333826874,671.017894075204,673.3915405273438,257019
1558,2018-07-05 00:00:00+05:30,673.7111134345894,680.8777449203986,660.1994716026464,673.254638671875,292710
1559,2018-07-06 00:00:00+05:30,672.8895064641571,696.5805602541653,667.9139198893656,688.364013671875,406933
1560,2018-07-09 00:00:00+05:30,688.3640576445197,701.008388403954,688.3640576445197,693.1570434570312,217735
1561,2018-07-10 00:00:00+05:30,692.928701555921,706.5316720043897,691.3766761919586,703.1537475585938,150670
1562,2018-07-11 00:00:00+05:30,713.9265136861274,745.058069551665,701.1452206022325,724.4710693359375,1230910
1563,2018-07-12 00:00:00+05:30,724.8819024380576,748.6642257502181,724.471064018973,733.8287963867188,849754
1564,2018-07-13 00:00:00+05:30,733.8288816897513,758.661122101497,733.8288816897513,741.4976806640625,663419
1565,2018-07-16 00:00:00+05:30,739.4890438587844,740.401993295647,704.8426015854427,711.5984497070312,385707
1566,2018-07-17 00:00:00+05:30,707.5358369556749,763.2257544450893,707.5358369556749,757.3372192382812,825420
1567,2018-07-18 00:00:00+05:30,751.3575051918735,757.2460411339539,732.687675115302,742.182373046875,760104
1568,2018-07-19 00:00:00+05:30,744.0082291687418,748.0251736597073,730.8160973415336,737.2523803710938,348328
1569,2018-07-20 00:00:00+05:30,739.2153244211275,740.3565114553327,718.7195941423986,728.9446411132812,358583
1570,2018-07-23 00:00:00+05:30,707.9924288530648,721.184561979322,680.695212982429,701.6930541992188,1072466
1571,2018-07-24 00:00:00+05:30,702.058320779638,711.7355653312225,692.5179852501255,702.4235229492188,451700
1572,2018-07-25 00:00:00+05:30,702.9711615286674,769.6164794398268,702.9711615286674,751.950927734375,2070031
1573,2018-07-26 00:00:00+05:30,746.7927396815818,771.3511051212873,741.5889160479543,765.2799682617188,869751
1574,2018-07-27 00:00:00+05:30,760.532569412179,770.4381049149384,750.6270896314347,757.1090087890625,472715
1575,2018-07-30 00:00:00+05:30,754.9179705899718,766.7863141961094,752.3160310584936,760.3499755859375,293477
1576,2018-07-31 00:00:00+05:30,766.8776397064166,809.2841584274433,755.9678811876179,805.1302490234375,1510005
1577,2018-08-01 00:00:00+05:30,807.9603529171037,816.1768988789726,790.1578366663879,795.726806640625,709863
1578,2018-08-02 00:00:00+05:30,795.2702976746199,823.3891872239623,781.0283075751478,811.0186767578125,812285
1579,2018-08-03 00:00:00+05:30,817.0898024385083,818.7787367245751,807.9603074391954,811.4295043945312,412232
1580,2018-08-06 00:00:00+05:30,812.525117708703,838.042069347442,809.8319053314443,813.4837036132812,696631
1581,2018-08-07 00:00:00+05:30,813.438069492748,820.0113175623459,793.94661839921,807.7777709960938,383828
1582,2018-08-08 00:00:00+05:30,803.7607511125943,810.699144929037,794.9051299391242,799.1046752929688,174545
1583,2018-08-09 00:00:00+05:30,802.3000631266628,810.6535738992897,791.7098705070222,802.61962890625,279845
1584,2018-08-10 00:00:00+05:30,799.6981493340955,803.2129827243004,774.1811989095941,778.2438354492188,323857
1585,2018-08-13 00:00:00+05:30,778.7003030694218,787.3276871649845,764.18438343422,778.3807373046875,338990
1586,2018-08-14 00:00:00+05:30,780.4806106168836,793.809652066045,773.2682867164349,780.3892822265625,365200
1587,2018-08-16 00:00:00+05:30,776.9200580761125,797.8266248184366,775.231123716928,782.80859375,377750
1588,2018-08-17 00:00:00+05:30,785.8669344422195,792.1663084091717,773.2226058988064,780.5718383789062,262552
1589,2018-08-20 00:00:00+05:30,777.2395950608252,792.7141014352477,774.3182010109448,779.7958984375,300454
1590,2018-08-21 00:00:00+05:30,779.7502036756905,804.2172966736885,778.7459814397811,793.8552856445312,541156
1591,2018-08-23 00:00:00+05:30,806.3792299686219,806.3792299686219,773.7888453855944,780.2603759765625,545392
1592,2018-08-24 00:00:00+05:30,777.5135282880777,786.8250675490127,770.2039927014938,776.3030395507812,377002
1593,2018-08-27 00:00:00+05:30,777.4204680697429,794.2743321020811,777.4204680697429,784.7765502929688,341041
1594,2018-08-28 00:00:00+05:30,785.893943547628,788.4546169418886,770.9954801628388,772.8577880859375,307275
1595,2018-08-29 00:00:00+05:30,775.6047192414329,782.588374093538,760.7062555569418,764.0118408203125,358516
1596,2018-08-30 00:00:00+05:30,761.8700955918791,771.7868500485929,758.0057843600548,766.6189575195312,461912
1597,2018-08-31 00:00:00+05:30,770.9954083223329,781.1450082907429,764.5704238530645,771.0885009765625,296206
1598,2018-09-03 00:00:00+05:30,775.6512106921101,785.2420846437669,764.3842710611649,768.10888671875,214249
1599,2018-09-04 00:00:00+05:30,768.1088387613835,770.8091508446623,717.9196231757694,722.4822998046875,512263
1600,2018-09-05 00:00:00+05:30,726.1138023922083,734.0751568984201,712.332735990648,728.8607177734375,468393
1601,2018-09-06 00:00:00+05:30,734.6804022792801,737.8463481655701,712.3327094342831,716.66259765625,472038
1602,2018-09-07 00:00:00+05:30,715.9642612671984,727.696777752999,711.4015843932069,719.1766967773438,254719
1603,2018-09-10 00:00:00+05:30,719.5956987821853,746.6923104769477,719.5956987821853,736.6358032226562,781407
1604,2018-09-11 00:00:00+05:30,743.7126653615248,748.5080740662987,717.0350821713395,718.9905395507812,641004
1605,2018-09-12 00:00:00+05:30,721.0855489894208,740.2207488373685,715.1261417416591,735.0528564453125,571872
1606,2018-09-14 00:00:00+05:30,749.5323042196195,752.8378890262087,740.3604046813942,745.2489624023438,652228
1607,2018-09-17 00:00:00+05:30,743.0607718186286,763.0805795806593,737.5669413739394,754.9329833984375,750472
1608,2018-09-18 00:00:00+05:30,757.0281221332563,757.400606427211,726.3000433750798,729.55908203125,485714
1609,2018-09-19 00:00:00+05:30,754.1415898941167,764.9429527381798,740.9191927345736,752.8379516601562,1707901
1610,2018-09-21 00:00:00+05:30,754.2346707403225,759.7285015690883,644.0326276931808,701.438232421875,1184191
1611,2018-09-24 00:00:00+05:30,705.8146384232211,706.1871227070892,662.9815601020231,667.404541015625,648720
1612,2018-09-25 00:00:00+05:30,667.7304747619397,699.4363122235761,661.3055466072951,680.34765625,762340
1613,2018-09-26 00:00:00+05:30,682.6288906162207,710.4704145214097,676.8557819935542,700.4605102539062,373752
1614,2018-09-27 00:00:00+05:30,700.8795584426813,705.0232047030067,657.6739943459016,661.9573364257812,560885
1615,2018-09-28 00:00:00+05:30,666.5200175174667,675.9247069564466,628.5289459300957,641.052978515625,1059348
1616,2018-10-01 00:00:00+05:30,619.2173305607452,659.7225243643428,605.2500223526081,657.2549438476562,718438
1617,2018-10-03 00:00:00+05:30,657.3946459780601,685.3292626626802,640.6338759672881,661.817626953125,501247
1618,2018-10-04 00:00:00+05:30,650.8766045547567,662.8885131231378,631.3223717998927,648.6884155273438,676987
1619,2018-10-05 00:00:00+05:30,642.4961580630736,653.2509736901139,619.2173117564405,625.921630859375,821793
1620,2018-10-08 00:00:00+05:30,616.4238796547123,643.3807963325212,614.6081181894068,636.2574462890625,624028
1621,2018-10-09 00:00:00+05:30,634.1157883997702,645.8017581556378,616.1445299923629,622.80224609375,688366
1622,2018-10-10 00:00:00+05:30,622.9420179571331,653.9028880573942,622.9420179571331,648.8746337890625,524389
1623,2018-10-11 00:00:00+05:30,632.346623753372,700.7864389746454,621.0796837086988,694.5942993164062,917478
1624,2018-10-12 00:00:00+05:30,696.503092723426,704.8369312021822,685.0499115225394,694.3614501953125,779338
1625,2018-10-15 00:00:00+05:30,692.7785268737144,705.1628628288909,665.3094858215981,679.0440063476562,506711
1626,2018-10-16 00:00:00+05:30,680.9062889983405,760.2406126010795,680.9062889983405,744.7368774414062,1745735
1627,2018-10-17 00:00:00+05:30,749.5789565771656,753.7226031695906,714.6606822024529,727.9296264648438,1073374
1628,2018-10-19 00:00:00+05:30,726.1138527369899,737.7532773347011,698.73796018305,721.364990234375,556388
1629,2018-10-22 00:00:00+05:30,730.0247232826754,739.8018401123542,679.0440426707794,685.1896362304688,637070
1630,2018-10-23 00:00:00+05:30,676.9488767506933,695.990985131832,670.5704953494965,690.7764892578125,648451
1631,2018-10-24 00:00:00+05:30,705.6284424255392,776.4892911646122,680.0217091459344,762.66162109375,1914114
1632,2018-10-25 00:00:00+05:30,754.2346512262989,771.8800288160573,649.0142616107782,653.0647583007812,5303390
1633,2018-10-26 00:00:00+05:30,661.4917387529548,696.5031018901182,630.856753383095,674.5278930664062,2231691
1634,2018-10-29 00:00:00+05:30,679.9285935708191,685.3292748593357,653.1113724429481,668.8478393554688,853504
1635,2018-10-30 00:00:00+05:30,665.7750168590468,674.0623090329186,659.2569397709162,661.9107055664062,581016
1636,2018-10-31 00:00:00+05:30,661.1192886206802,668.0098504184276,638.259471063872,654.0425415039062,1467753
1637,2018-11-01 00:00:00+05:30,655.5323567993191,676.4833199072518,653.6700489675028,664.6576538085938,534543
1638,2018-11-02 00:00:00+05:30,670.0118155596521,673.5967923788198,655.1133523106487,657.34814453125,478082
1639,2018-11-05 00:00:00+05:30,656.2773235592235,666.4269248263739,647.15202578528,654.3684692382812,437824
1640,2018-11-06 00:00:00+05:30,655.9048501539388,664.1920860200546,647.6175574546975,653.5769653320312,341155
1641,2018-11-07 00:00:00+05:30,658.2792468314659,661.957316024084,654.6942702935987,657.4877319335938,103260
1642,2018-11-09 00:00:00+05:30,658.27924452921,668.2426023769713,653.3441403491031,658.8844604492188,297072
1643,2018-11-12 00:00:00+05:30,661.0261602168522,667.1717530736748,656.4634834849138,658.6516723632812,319204
1644,2018-11-13 00:00:00+05:30,659.1638845018425,665.30947765738,649.5729536331436,661.8641967773438,324156
1645,2018-11-14 00:00:00+05:30,662.5625599935175,666.5199641510336,646.1742737450536,649.2470703125,333836
1646,2018-11-15 00:00:00+05:30,651.6214406073642,664.9369290452959,640.7269294006493,663.7264404296875,478657
1647,2018-11-16 00:00:00+05:30,665.7751048251145,675.6919175812857,649.9454869481536,654.8340454101562,459061
1648,2018-11-19 00:00:00+05:30,658.6983507290828,668.4754675568411,655.1133737923608,666.38037109375,242449
1649,2018-11-20 00:00:00+05:30,663.9127053531444,674.574428467726,656.4634744375411,658.2792358398438,311629
1650,2018-11-21 00:00:00+05:30,659.2570206832346,663.540306276456,652.5992469642696,658.3258666992188,242281
1651,2018-11-22 00:00:00+05:30,662.0504481878872,664.5645751805424,648.5487161221708,650.7835083007812,225693
1652,2018-11-26 00:00:00+05:30,655.8117560622676,661.1193452712118,648.3159776691285,656.8360595703125,248449
1653,2018-11-27 00:00:00+05:30,655.5322977029707,667.2182669275006,654.927024978946,663.959228515625,253325
1654,2018-11-28 00:00:00+05:30,669.4997051831081,671.8275901107266,653.6700876753016,655.62548828125,271316
1655,2018-11-29 00:00:00+05:30,660.1880906584374,662.7487637886359,650.0850939507213,657.8136596679688,706541
1656,2018-11-30 00:00:00+05:30,664.378370215774,693.337236499636,662.9816392342412,683.5601196289062,1189901
1657,2018-12-03 00:00:00+05:30,690.7298993553499,690.7298993553499,673.1776724025513,679.8353881835938,571522
1658,2018-12-04 00:00:00+05:30,678.8112218520221,685.5620879129647,667.6373745787378,676.7161254882812,326158
1659,2018-12-05 00:00:00+05:30,673.22429692609,679.1371016969622,666.0078539092474,669.3599853515625,351768
1660,2018-12-06 00:00:00+05:30,668.7547585374163,681.6046713018924,656.97563868399,661.8641967773438,642165
1661,2018-12-07 00:00:00+05:30,664.8439226782247,675.412497315279,660.1881529115705,662.8419189453125,285590
1662,2018-12-10 00:00:00+05:30,658.3258007312626,666.4733972749663,644.1257038979503,647.1054077148438,484180
1663,2018-12-11 00:00:00+05:30,644.824091940797,654.3218733259001,640.7269919446738,647.6175537109375,283941
1664,2018-12-12 00:00:00+05:30,656.5565777249359,681.6046398176022,655.5788775180515,674.5278930664062,547036
1665,2018-12-13 00:00:00+05:30,684.4447076647522,686.6794999043977,671.4550985422084,675.69189453125,297715
1666,2018-12-14 00:00:00+05:30,674.9934943027719,681.6046643521729,669.6393593027377,674.10888671875,198874
1667,2018-12-17 00:00:00+05:30,671.6878305660687,681.4184000071064,670.4307955576472,673.1311645507812,177476
1668,2018-12-18 00:00:00+05:30,670.1049350711714,693.4303291850787,669.4996622955126,688.8211059570312,490591
1669,2018-12-19 00:00:00+05:30,693.7562465983563,699.3431703588957,679.6492982028707,681.6512451171875,628209
1670,2018-12-20 00:00:00+05:30,680.6735257321038,685.8414186990125,676.0177560622536,679.0440063476562,219649
1671,2018-12-21 00:00:00+05:30,680.6734786987305,684.1187593829818,661.2123400902376,670.4307861328125,460363
1672,2018-12-24 00:00:00+05:30,669.1271705467321,678.8111938506911,663.2609123368695,665.2163696289062,340469
1673,2018-12-26 00:00:00+05:30,664.843876705894,668.5219459338467,654.694276583157,662.0504150390625,283452
1674,2018-12-27 00:00:00+05:30,664.1921130010995,681.3719150512867,662.0970165762749,673.364013671875,499166
1675,2018-12-28 00:00:00+05:30,673.2242741406181,686.7260057796761,673.2242741406181,682.8616943359375,199513
1676,2018-12-31 00:00:00+05:30,682.8617665185815,695.3392529130793,679.0906041666967,684.398193359375,249072
1677,2019-01-01 00:00:00+05:30,685.608597517659,691.5680051441032,680.6734932696065,684.3515625,158798
1678,2019-01-02 00:00:00+05:30,684.1188126933638,686.2604553937747,666.706222607792,675.5521850585938,197061
1679,2019-01-03 00:00:00+05:30,675.086650573673,686.2604985831682,669.7325150691231,672.7122192382812,222886
1680,2019-01-04 00:00:00+05:30,672.2931602427742,678.0663261710413,664.8439285503335,675.4591064453125,206996
1681,2019-01-07 00:00:00+05:30,676.0177169253352,685.3292557259597,668.8012743548512,674.2951049804688,355498
1682,2019-01-08 00:00:00+05:30,674.1554272682808,699.9949481338814,670.7101464529093,691.6145629882812,625160
1683,2019-01-09 00:00:00+05:30,693.709684529294,704.7904391362339,687.2381532868586,698.7844848632812,697779
1684,2019-01-10 00:00:00+05:30,697.0618241962426,703.021232209147,689.9850769099045,699.6224975585938,205786
1685,2019-01-11 00:00:00+05:30,699.2966255994677,705.5353685127195,687.6572010721795,702.3228759765625,278995
1686,2019-01-14 00:00:00+05:30,703.0211874408775,711.401572456729,694.5011066081792,706.419921875,367226
1687,2019-01-15 00:00:00+05:30,711.5878687499876,724.4377820521536,705.9543986494981,710.6101684570312,880213
1688,2019-01-16 00:00:00+05:30,720.0147804353197,720.0147804353197,694.8736241834561,700.4140014648438,1322705
1689,2019-01-17 00:00:00+05:30,705.3491182997326,705.6284531185725,693.2906632605243,698.9241333007812,393951
1690,2019-01-18 00:00:00+05:30,698.3654675229571,699.2966214796544,684.3981581724979,691.1024780273438,207639
1691,2019-01-21 00:00:00+05:30,690.8697100449441,691.8939566944624,679.6958622329084,684.9568481445312,372328
1692,2019-01-22 00:00:00+05:30,684.4913023653568,691.8474419103071,680.4408050820416,688.4021606445312,270873
1693,2019-01-23 00:00:00+05:30,687.3313220519873,691.8008497177128,673.8295895584268,679.55615234375,304692
1694,2019-01-24 00:00:00+05:30,682.5358897675524,682.5358897675524,664.4249328948158,668.7548217773438,200547
1695,2019-01-25 00:00:00+05:30,665.9613727499857,674.9004286930196,659.2570523761443,661.5383911132812,275389
1696,2019-01-28 00:00:00+05:30,660.8399309967723,664.7973350526102,652.7854270675235,659.2569580078125,235934
1697,2019-01-29 00:00:00+05:30,660.0018795078616,663.8661909644877,655.2995636327877,661.7245483398438,114534
1698,2019-01-30 00:00:00+05:30,657.8603210806328,672.6656928658062,657.8603210806328,667.0321655273438,197110
1699,2019-01-31 00:00:00+05:30,669.1271972905132,670.4308355373084,652.971699195191,655.3461303710938,427460
1700,2019-02-01 00:00:00+05:30,659.6294587163169,671.687856496543,655.9048430416525,663.4937133789062,200163
1701,2019-02-04 00:00:00+05:30,659.2569445958319,670.1514563180655,653.6700213365452,667.404541015625,286357
1702,2019-02-05 00:00:00+05:30,664.0989711372773,665.2629135092814,645.2896510390665,650.0385131835938,182612
1703,2019-02-06 00:00:00+05:30,653.6700582132711,655.1133354367181,636.024679890604,645.2896728515625,419171
1704,2019-02-07 00:00:00+05:30,643.5204149007901,656.9755996487079,643.5204149007901,648.59521484375,229552
1705,2019-02-08 00:00:00+05:30,652.7389054882177,652.7389054882177,636.9092886646804,644.59130859375,186060
1706,2019-02-11 00:00:00+05:30,641.3322154865708,647.4312618498008,634.5348037344262,640.6338500976562,179822
1707,2019-02-12 00:00:00+05:30,637.9801775962259,658.3258695002886,635.0470198008442,648.8746337890625,410815
1708,2019-02-14 00:00:00+05:30,617.9136736606405,635.6522000136706,617.9136736606405,631.8809814453125,180034
1709,2019-02-15 00:00:00+05:30,628.6220590061489,632.5794636090114,615.1203256552063,621.8246459960938,129834
1710,2019-02-18 00:00:00+05:30,621.8245988596948,621.8245988596948,603.8533389214865,608.1832275390625,280152
1711,2019-02-19 00:00:00+05:30,606.1811685320198,629.78589637064,599.197514516674,619.1707763671875,371265
1712,2019-02-20 00:00:00+05:30,620.2882009524411,628.1098597100929,615.8186167102123,624.4783935546875,138696
1713,2019-02-21 00:00:00+05:30,623.8731768052462,630.9499244357554,623.2679039750938,627.2719116210938,147116
1714,2019-02-22 00:00:00+05:30,629.460033300254,637.7938720308392,627.1321485617176,630.9964599609375,187865
1715,2019-02-25 00:00:00+05:30,626.6666178745506,637.8404654443791,624.5715214552077,631.3223876953125,147689
1716,2019-02-26 00:00:00+05:30,623.9661895879781,629.3203243750951,605.2500194132183,622.1038818359375,538876
1717,2019-02-27 00:00:00+05:30,630.9498185698229,633.2777031673107,614.7012295458547,616.7963256835938,277722
1718,2019-02-28 00:00:00+05:30,621.0796715039361,621.1262178338255,606.9261203968914,608.9746704101562,362812
1719,2019-03-01 00:00:00+05:30,613.6304422449202,635.698801837956,613.6304422449202,629.6463012695312,920765
1720,2019-03-05 00:00:00+05:30,630.3446419126401,683.7928414981803,629.6462764899213,681.092529296875,1006400
1721,2019-03-06 00:00:00+05:30,679.6957526886172,703.0211448703403,665.7749914997263,695.0132446289062,865640
1722,2019-03-07 00:00:00+05:30,692.312855513995,695.2460127393325,679.9285212473488,684.1187133789062,203780
1723,2019-03-08 00:00:00+05:30,677.4144658601953,693.7096591970384,666.9855307579908,677.6007080078125,591420
1724,2019-03-11 00:00:00+05:30,679.9286386381955,694.1287366468116,679.3699121576519,691.9404907226562,240898
1725,2019-03-12 00:00:00+05:30,693.7096684093518,727.2312094331594,691.8473605746958,722.3426513671875,1202421
1726,2019-03-13 00:00:00+05:30,723.506601488392,745.7612030833828,717.035070327244,725.9741821289062,806494
1727,2019-03-14 00:00:00+05:30,725.3688722195803,731.3748261097174,715.8710912808895,725.7879028320312,236955
1728,2019-03-15 00:00:00+05:30,724.4377092121861,742.1296327019438,720.1078209932862,731.3748168945312,563690
1729,2019-03-18 00:00:00+05:30,732.305991958841,748.414942972845,724.9033071282859,732.818115234375,407787
1730,2019-03-19 00:00:00+05:30,729.7453315472258,753.3035141330944,728.627935487202,747.437255859375,486869
1731,2019-03-20 00:00:00+05:30,743.0608007988915,764.0117632274316,741.9899510970724,759.7750244140625,768166
1732,2019-03-22 00:00:00+05:30,761.4976802200938,767.2708460105852,737.4739199519216,739.8948974609375,314470
1733,2019-03-25 00:00:00+05:30,735.611591053903,740.2673606175354,727.8830249448984,738.4515991210938,113867
1734,2019-03-26 00:00:00+05:30,741.012288730175,742.5952617833602,720.2475673848642,728.9072875976562,362008
1735,2019-03-27 00:00:00+05:30,728.1623051106757,743.7591319784555,727.4639397285363,734.959716796875,376624
1736,2019-03-28 00:00:00+05:30,730.0247187842268,758.2386729522466,729.1866574707384,751.6275024414062,536218
1737,2019-04-01 00:00:00+05:30,754.2347018681161,772.7180851003988,746.4595890944548,749.7186279296875,387849
1738,2019-04-02 00:00:00+05:30,752.3723530436984,753.117264798899,734.680428900344,737.6135864257812,223235
1739,2019-04-03 00:00:00+05:30,738.311912308719,753.2103739472705,726.3000048793884,730.303955078125,316831
1740,2019-04-04 00:00:00+05:30,729.9781373541679,736.0771842504655,721.9236330981262,728.9072875976562,186060
1741,2019-04-05 00:00:00+05:30,731.4214262559859,732.3525802041157,715.77805129403,722.1564331054688,339106
1742,2019-04-08 00:00:00+05:30,724.3912116958697,729.0469813489917,712.4724527505027,716.2901611328125,276038
1743,2019-04-09 00:00:00+05:30,721.4114746095578,721.4114746095578,708.8874434513895,713.543212890625,691255
1744,2019-04-10 00:00:00+05:30,713.3103748465444,730.0245973384555,708.8408478621164,715.07958984375,553288
1745,2019-04-11 00:00:00+05:30,719.3163956230325,737.4738968717693,713.263895206787,733.8889770507812,300991
1746,2019-04-12 00:00:00+05:30,735.9374186205359,745.8542298024687,729.1400069190477,742.5486450195312,379504
1747,2019-04-15 00:00:00+05:30,744.7368372191402,750.9755793753675,737.5669412137183,740.4535522460938,145212
1748,2019-04-16 00:00:00+05:30,740.267300165826,755.1657615528112,732.1662504200289,752.6981811523438,343906
1749,2019-04-18 00:00:00+05:30,753.2103554573505,757.1677592329438,724.4376793909654,726.7655639648438,240866
1750,2019-04-22 00:00:00+05:30,728.5348223981413,735.2856880647702,715.0796373925115,723.2272338867188,263112
1751,2019-04-23 00:00:00+05:30,724.4377524339818,729.0469757216199,715.5917901613303,719.5491943359375,202147
1752,2019-04-24 00:00:00+05:30,717.547209311369,732.3060334811998,717.1282355014363,730.4437255859375,145159
1753,2019-04-25 00:00:00+05:30,728.627924826759,750.4169487624956,728.3951363523735,745.6680297851562,569934
1754,2019-04-26 00:00:00+05:30,752.3723639042222,789.9444016703973,735.7512892418157,781.4243774414062,2408638
1755,2019-04-30 00:00:00+05:30,791.4808208922984,806.3792834032123,772.3456194714682,799.8612060546875,1992493
1756,2019-05-02 00:00:00+05:30,807.2639227657743,817.0410391735153,789.851332653934,795.2520141601562,854663
1757,2019-05-03 00:00:00+05:30,796.3228215300413,804.5169644307671,787.0112825898705,792.3654174804688,504241
1758,2019-05-06 00:00:00+05:30,789.6185076675059,806.3792778774294,784.9627381647495,794.8329467773438,393544
1759,2019-05-07 00:00:00+05:30,801.6770356193946,806.3793518821043,779.9345559462525,782.58837890625,279061
1760,2019-05-08 00:00:00+05:30,780.4000769207969,789.6185234538024,768.2485296422897,771.507568359375,354723
1761,2019-05-09 00:00:00+05:30,771.5075938604658,778.4447021541829,763.2669041367016,770.3901977539062,268782
1762,2019-05-10 00:00:00+05:30,772.8111983336156,776.9548445963222,759.1232245012822,762.3822631835938,193939
1763,2019-05-13 00:00:00+05:30,762.1494855217248,766.8983477929473,744.9231379564812,747.8096923828125,228376
1764,2019-05-14 00:00:00+05:30,745.016207173291,777.0479238307811,744.3178417534311,770.2970581054688,327154
1765,2019-05-15 00:00:00+05:30,774.6269893877522,775.6512359937491,751.0222027879465,759.1697998046875,371439
1766,2019-05-16 00:00:00+05:30,754.2346890369596,773.7423753854667,751.4412272257116,770.9489135742188,144818
1767,2019-05-17 00:00:00+05:30,770.9489186216879,777.792877370803,763.0341101046663,773.6492309570312,195448
1768,2019-05-20 00:00:00+05:30,777.792794145262,797.1142363987896,774.2544209064207,787.15087890625,311281
1769,2019-05-21 00:00:00+05:30,781.0054040074895,795.0192600987626,764.9895441175506,770.2040405273438,184411
1770,2019-05-22 00:00:00+05:30,777.2341088407137,781.0518167887213,766.0602629443569,776.2564086914062,175185
1771,2019-05-23 00:00:00+05:30,782.0296021378979,789.618529369213,749.6720032044307,754.2346801757812,265829
1772,2019-05-24 00:00:00+05:30,756.0970295357564,791.4343343394289,756.0970295357564,786.778564453125,491905
1773,2019-05-27 00:00:00+05:30,786.5457145516244,796.8815001590324,780.7725489767043,787.0112915039062,490014
1774,2019-05-28 00:00:00+05:30,786.8249969516959,793.9017434218003,778.4446123687784,781.6571044921875,157154
1775,2019-05-29 00:00:00+05:30,779.7948192561232,781.2380963869956,759.8215573918814,767.922607421875,170024
1776,2019-05-30 00:00:00+05:30,773.3233633857994,774.7200943250874,757.8662303909297,760.2406616210938,281206
1777,2019-05-31 00:00:00+05:30,761.6839111855427,773.4630310783247,727.2312159363188,754.4674682617188,586864
1778,2019-06-03 00:00:00+05:30,750.5565561143522,769.971148159735,750.5565561143522,764.9894409179688,213552
1779,2019-06-04 00:00:00+05:30,765.4084940560009,771.4144479854737,752.5585817997876,759.7750244140625,140306
1780,2019-06-06 00:00:00+05:30,760.7527234671867,771.9265700786999,743.1073459932143,746.2267456054688,240932
1781,2019-06-07 00:00:00+05:30,749.5323745195002,760.5665259627347,741.5244165447072,748.1821899414062,221882
1782,2019-06-10 00:00:00+05:30,753.1173305916236,757.9127963405589,743.293667430975,749.0668334960938,170185
1783,2019-06-11 00:00:00+05:30,745.0161955815419,770.948865202059,745.0161955815419,763.266845703125,343440
1784,2019-06-12 00:00:00+05:30,763.3134131016064,764.5239018106537,733.9355187855772,742.4089965820312,287834
1785,2019-06-13 00:00:00+05:30,741.7572082543911,755.7711205629258,741.7572082543911,754.3743896484375,253708
1786,2019-06-14 00:00:00+05:30,756.0969666589892,758.8904283584682,736.542734762636,738.7775268554688,229060
1787,2019-06-17 00:00:00+05:30,744.4109740607241,745.854251195164,732.4922158701725,735.4718627929688,194671
1788,2019-06-18 00:00:00+05:30,736.4496754833798,748.6477693906991,728.7676554616469,733.00439453125,197255
1789,2019-06-19 00:00:00+05:30,741.4312830525988,750.5100334573245,739.2896404775959,744.5972290039062,263199
1790,2019-06-20 00:00:00+05:30,747.7166017258781,764.7567071856336,737.9394855140205,762.987548828125,282829
1791,2019-06-21 00:00:00+05:30,760.0078364553162,763.5462099641348,742.4555510654122,745.8077392578125,216166
1792,2019-06-24 00:00:00+05:30,747.902892977923,751.7671479202354,732.6319448731259,734.58740234375,265776
1793,2019-06-25 00:00:00+05:30,734.6804475297193,747.7166024922238,734.6804475297193,746.18017578125,221861
1794,2019-06-26 00:00:00+05:30,747.7165921145523,771.9265938517608,747.7165921145523,768.8072509765625,380428
1795,2019-06-27 00:00:00+05:30,771.9265821412375,782.6348519779375,764.7566857535181,775.7908935546875,337447
1796,2019-06-28 00:00:00+05:30,773.7889251839639,781.8899758395188,766.665574800103,774.5803833007812,214617
1797,2019-07-01 00:00:00+05:30,775.6512110175834,788.1286962089792,773.8354495171237,781.8899536132812,410682
1798,2019-07-02 00:00:00+05:30,784.0315858016445,796.1365865325488,780.8190934718182,793.9017944335938,261454
1799,2019-07-03 00:00:00+05:30,794.2742659863759,811.9661898477372,793.3431120989359,801.5838012695312,350251
1800,2019-07-04 00:00:00+05:30,806.565540081909,813.1767102069809,801.3510440092729,805.2619018554688,235296
1801,2019-07-05 00:00:00+05:30,806.099990135128,824.0247037672103,786.5457570819473,789.6651000976562,438855
1802,2019-07-08 00:00:00+05:30,794.2742494369221,794.2742494369221,750.0444407050888,760.1008911132812,247119
1803,2019-07-09 00:00:00+05:30,758.005889238199,776.9083037450183,741.3848133585936,770.2040405273438,207525
1804,2019-07-10 00:00:00+05:30,770.2040069329945,776.5823887113419,756.8419137467783,759.8681640625,183116
1805,2019-07-11 00:00:00+05:30,759.8216188132695,775.4649937163292,750.7428678531845,772.9508666992188,214267
1806,2019-07-12 00:00:00+05:30,770.9953928160093,780.1206892387532,760.2871234713424,774.6734619140625,215561
1807,2019-07-15 00:00:00+05:30,773.7889601040235,777.280787541316,756.1901270868176,762.6151123046875,149407
1808,2019-07-16 00:00:00+05:30,763.5461893914234,791.4808060764755,752.791373334303,757.9127197265625,658171
1809,2019-07-17 00:00:00+05:30,764.0583570497444,821.2777782502444,764.0583570497444,795.2520141601562,3860872
1810,2019-07-18 00:00:00+05:30,796.3693738920454,817.3668829945999,783.3797656054627,811.1747436523438,1136811
1811,2019-07-19 00:00:00+05:30,809.2193339190576,814.1078921869937,790.8755896232244,797.2540283203125,578220
1812,2019-07-22 00:00:00+05:30,797.3005512161592,819.4154570163154,784.9627616644931,816.715087890625,782323
1813,2019-07-23 00:00:00+05:30,818.4843686711924,834.3139867228537,787.1976169023375,795.5780029296875,1225864
1814,2019-07-24 00:00:00+05:30,797.9989183318129,808.0553694132433,772.6249737290802,774.2079467773438,533929
1815,2019-07-25 00:00:00+05:30,779.0033247591105,783.1004246247604,766.525896683037,778.3515625,352594
1816,2019-07-26 00:00:00+05:30,781.2381360902331,790.549675256982,760.1009308150881,786.6853637695312,532164
1817,2019-07-29 00:00:00+05:30,783.1470123870228,784.0316199994907,750.5566243822933,754.3743896484375,336669
1818,2019-07-30 00:00:00+05:30,758.1920681450952,762.6150491996721,725.0430118166742,735.7512817382812,637074
1819,2019-07-31 00:00:00+05:30,736.5427734276356,765.1292110195812,726.6725643045867,757.3074951171875,500102
1820,2019-08-01 00:00:00+05:30,753.9553011514629,761.0785941688603,731.561061907583,743.991943359375,244139
1821,2019-08-02 00:00:00+05:30,741.850327356745,759.58879787742,726.3000457792064,750.4635009765625,593790
1822,2019-08-05 00:00:00+05:30,741.1054864388022,755.1658890126919,731.4680085025727,736.58935546875,249054
1823,2019-08-06 00:00:00+05:30,739.1499148008223,774.4406684508585,736.5892417131927,769.1796264648438,607417
1824,2019-08-07 00:00:00+05:30,760.8924514885767,778.3515875580406,752.5586125047943,755.3986206054688,311635
1825,2019-08-08 00:00:00+05:30,757.959247444468,767.2242397841543,746.69230839138,760.7992553710938,227472
1826,2019-08-09 00:00:00+05:30,761.6839026988714,797.2074473000454,761.6373563697323,787.3837280273438,490717
1827,2019-08-13 00:00:00+05:30,788.5942511398121,791.0152285173871,760.9855156042785,764.1048583984375,374708
1828,2019-08-14 00:00:00+05:30,776.5823557271018,796.1365877058417,761.9166817430469,793.2034301757812,435281
1829,2019-08-16 00:00:00+05:30,793.3431283391332,798.1385936908647,780.9122464205901,791.8067016601562,384117
1830,2019-08-19 00:00:00+05:30,792.4119774629023,808.241593933959,792.4119774629023,806.5189819335938,347942
1831,2019-08-20 00:00:00+05:30,806.1930282717053,806.1930282717053,782.169269226377,799.2559204101562,405043
1832,2019-08-21 00:00:00+05:30,798.3714005365492,798.3714005365492,778.0256531115024,781.0984497070312,192996
1833,2019-08-22 00:00:00+05:30,781.0984504995914,793.1569052450868,768.5278724598426,780.6328735351562,320484
1834,2019-08-23 00:00:00+05:30,779.0033365998924,798.2782338596514,762.3357157486993,791.1083374023438,269363
1835,2019-08-26 00:00:00+05:30,795.9503239359719,838.0384906087235,793.1568623006095,829.0062866210938,1039807
1836,2019-08-27 00:00:00+05:30,844.556607266111,855.5907585087191,832.218817799434,850.3297729492188,1063419
1837,2019-08-28 00:00:00+05:30,848.188108010385,882.5476527300589,840.506088355608,877.8453369140625,1578619
1838,2019-08-29 00:00:00+05:30,872.9102209596772,892.4179062192821,867.0905091777619,876.5416870117188,681322
1839,2019-08-30 00:00:00+05:30,876.495100401079,914.2999804987932,870.0235698303908,910.202880859375,1076578
1840,2019-09-03 00:00:00+05:30,900.4258431323991,900.4258431323991,793.6690231756438,819.7413330078125,5127884
1841,2019-09-04 00:00:00+05:30,814.7596669667967,837.3401491655907,776.5823568574953,809.0796508789062,4513920
1842,2019-09-05 00:00:00+05:30,808.2415347431406,832.4515346317601,777.6997000964294,811.3143310546875,4575157
1843,2019-09-06 00:00:00+05:30,815.3183579601009,831.7532475494928,798.5575872286249,824.3040161132812,1901952
1844,2019-09-09 00:00:00+05:30,822.6745062538283,917.000389039453,810.103928059797,911.7859497070312,5189706
1845,2019-09-11 00:00:00+05:30,905.7799728762935,944.7021952451905,891.1142986816889,917.0003662109375,4981926
1846,2019-09-12 00:00:00+05:30,924.6040177017778,933.2532061543658,899.6545360311047,908.1611328125,1478021
1847,2019-09-13 00:00:00+05:30,907.6858381644759,911.2975607873823,885.5402162282634,898.1812744140625,1355212
1848,2019-09-16 00:00:00+05:30,893.4290819195719,922.2279013621743,887.0135007462133,904.7870483398438,1118923
1849,2019-09-17 00:00:00+05:30,910.2046128976676,914.2440526785855,889.3420828974997,893.048828125,921471
1850,2019-09-18 00:00:00+05:30,902.9336043601877,920.9922764473915,874.4199115909187,879.0296020507812,1398474
1851,2019-09-19 00:00:00+05:30,882.0235412584422,883.9244540628785,858.6423369683778,863.9173583984375,849489
1852,2019-09-20 00:00:00+05:30,865.865795405481,908.6363341466957,848.0922488152139,879.5048217773438,1779203
1853,2019-09-23 00:00:00+05:30,887.7262684681832,917.190416565093,880.6453567587718,893.333984375,953331
1854,2019-09-24 00:00:00+05:30,912.4381904031083,978.9701417866683,912.2955987313546,942.710205078125,4363344
1855,2019-09-25 00:00:00+05:30,935.2491628707113,969.4655956586641,922.9407400294598,935.6768798828125,1848081
1856,2019-09-26 00:00:00+05:30,934.9640507442411,942.3775996841337,896.7081774338162,934.1561279296875,2259125
1857,2019-09-27 00:00:00+05:30,930.4968779299296,968.515136476607,922.0377921987904,958.2977294921875,939696
1858,2019-09-30 00:00:00+05:30,952.3573139856952,955.2086831892452,903.8840375253455,913.2935791015625,670694
1859,2019-10-01 00:00:00+05:30,918.1408730690287,929.546349753116,881.1205850630112,900.7950439453125,601266
1860,2019-10-03 00:00:00+05:30,903.8840619180444,920.0418211742029,893.7616777677719,909.111572265625,369189
1861,2019-10-04 00:00:00+05:30,920.9922863239996,920.9922863239996,882.9740288906044,890.1499633789062,340497
1862,2019-10-07 00:00:00+05:30,895.2348958479644,926.6474678967024,881.8809371758326,914.57666015625,450162
1863,2019-10-09 00:00:00+05:30,910.1570888782927,921.9427722643195,896.5655730131426,916.6202392578125,322172
1864,2019-10-10 00:00:00+05:30,907.3532653757113,964.5231855436577,906.640423044356,958.91552734375,980815
1865,2019-10-11 00:00:00+05:30,959.96096887274,969.275430037769,940.95184077625,954.1632080078125,1017426
1866,2019-10-14 00:00:00+05:30,954.163255557951,961.861929616186,936.7223448535113,943.280517578125,552014
1867,2019-10-15 00:00:00+05:30,948.4604537828347,972.1267830620633,942.8527378832612,965.3310546875,1261305
1868,2019-10-16 00:00:00+05:30,1017.8438321902607,1055.0066560595676,967.5646629447207,976.9266357421875,5235582
1869,2019-10-17 00:00:00+05:30,974.2178430106895,985.6233201971562,949.7435898813966,955.2562255859375,1305331
1870,2019-10-18 00:00:00+05:30,956.1591617149301,1034.0965884153518,956.1591617149301,1015.8953247070312,2100971
1871,2019-10-22 00:00:00+05:30,1013.1865980542058,1071.877285136614,994.2724910773957,1063.560791015625,1584859
1872,2019-10-23 00:00:00+05:30,1064.511229811017,1140.5477462260899,1064.511229811017,1111.701416015625,2029887
1873,2019-10-24 00:00:00+05:30,1112.034024738674,1126.2908712096826,1066.4121160314464,1072.2574462890625,807572
1874,2019-10-25 00:00:00+05:30,1074.4910181666792,1112.034047992052,1064.511225428289,1081.8570556640625,830771
1875,2019-10-27 00:00:00+05:30,1093.7853200233071,1102.386881211162,1074.7761911805144,1088.65283203125,115317
1876,2019-10-29 00:00:00+05:30,1093.0248400730413,1113.93488049183,1080.9540904221074,1108.9925537109375,587423
1877,2019-10-30 00:00:00+05:30,1108.2321734946395,1154.8045375608808,1093.0248709423975,1098.8226318359375,1383603
1878,2019-10-31 00:00:00+05:30,1105.6184859463392,1118.402079026675,1076.6295636842601,1082.047119140625,393008
1879,2019-11-01 00:00:00+05:30,1086.7518956828817,1140.5477059419757,1084.5657995041545,1128.1917724609375,611406
1880,2019-11-04 00:00:00+05:30,1135.7954505739078,1159.5568616737803,1113.934952362025,1122.0614013671875,802428
1881,2019-11-05 00:00:00+05:30,1122.1564327883295,1130.0927209547026,1083.5203548262075,1092.074462890625,541301
1882,2019-11-06 00:00:00+05:30,1089.3179999871663,1090.3160255640862,1052.1551798910875,1062.08740234375,634311
1883,2019-11-07 00:00:00+05:30,1064.2259980815281,1076.8671147698255,1033.146119818888,1046.119873046875,565593
1884,2019-11-08 00:00:00+05:30,1045.502064935914,1068.3130190799702,1036.1400923771266,1052.2978515625,653307
1885,2019-11-11 00:00:00+05:30,1055.006710175092,1083.2352216869845,1038.4212907349515,1076.2493896484375,387229
1886,2019-11-13 00:00:00+05:30,1076.3918460835241,1121.538523954577,1069.2634232617788,1115.31298828125,674303
1887,2019-11-14 00:00:00+05:30,1121.4908923132946,1122.251303780965,1083.4726393797873,1093.5,267002
1888,2019-11-15 00:00:00+05:30,1098.9652278437034,1111.8914118596763,1084.565789978157,1093.31005859375,240927
1889,2019-11-18 00:00:00+05:30,1100.1056659274611,1130.0926104523344,1095.1633392714064,1126.148193359375,376117
1890,2019-11-19 00:00:00+05:30,1112.98441922164,1156.705412632567,1105.665951516205,1116.1209716796875,753584
1891,2019-11-20 00:00:00+05:30,1116.7862502151856,1130.948073528799,1093.2148855037683,1099.9156494140625,325678
1892,2019-11-21 00:00:00+05:30,1101.5789829156959,1110.8459329445382,1078.768028998546,1088.9378662109375,242481
1893,2019-11-22 00:00:00+05:30,1094.7357585779903,1105.0956408100249,1081.2867769369611,1086.846923828125,191301
1894,2019-11-25 00:00:00+05:30,1088.2725410098042,1110.0854682393826,1082.5698028036393,1098.1097412109375,385204
1895,2019-11-26 00:00:00+05:30,1099.8205475117318,1145.299858955377,1090.981257378014,1127.8590087890625,501450
1896,2019-11-27 00:00:00+05:30,1128.1917114675514,1131.090649805767,1103.4798458414718,1106.3787841796875,219970
1897,2019-11-28 00:00:00+05:30,1107.9945686899453,1117.0239046561082,1100.6285314543914,1108.5648193359375,131790
1898,2019-11-29 00:00:00+05:30,1109.990494649007,1125.7205946355045,1087.3221324865474,1118.116943359375,268431
1899,2019-12-02 00:00:00+05:30,1120.5881007570085,1123.24942509826,1093.024865030161,1095.733642578125,195990
1900,2019-12-03 00:00:00+05:30,1097.7771672351748,1116.3110674612233,1087.32214659484,1113.2696533203125,241972
1901,2019-12-04 00:00:00+05:30,1107.1866731255157,1107.1866731255157,1083.5202857841496,1090.363525390625,178299
1902,2019-12-05 00:00:00+05:30,1090.6488191912044,1107.281807719175,1084.7560353788747,1088.557861328125,197035
1903,2019-12-06 00:00:00+05:30,1091.1239924025601,1097.5395733683417,1074.0157764938092,1081.9996337890625,140091
1904,2019-12-09 00:00:00+05:30,1074.0156882417518,1082.237158971289,1045.549566630541,1048.6385498046875,231065
1905,2019-12-10 00:00:00+05:30,1054.6739310145977,1055.9094546783915,1040.5596771668932,1042.650634765625,147557
1906,2019-12-11 00:00:00+05:30,1062.610231729476,1066.3644880175495,1035.9974531172888,1051.5849609375,483212
1907,2019-12-12 00:00:00+05:30,1056.0047004981072,1072.1624603824641,1045.5021101642683,1056.574951171875,364904
1908,2019-12-13 00:00:00+05:30,1056.9074893136337,1062.610227565326,1049.6840440659917,1057.0975341796875,171987
1909,2019-12-16 00:00:00+05:30,1063.5606786471594,1083.5202624287415,1045.5970300392344,1073.3028564453125,212926
1910,2019-12-17 00:00:00+05:30,1079.9560743177544,1092.9772804659815,1074.8235866016435,1090.363525390625,221458
1911,2019-12-18 00:00:00+05:30,1088.2726165104134,1103.0046912317334,1082.9975368947416,1101.2938232421875,142444
1912,2019-12-19 00:00:00+05:30,1107.1866197045795,1110.1330111701366,1094.5455039046853,1101.1512451171875,204275
1913,2019-12-20 00:00:00+05:30,1102.4818255589282,1102.4818255589282,1076.8670726666371,1090.1734619140625,207627
1914,2019-12-23 00:00:00+05:30,1083.5204140352193,1097.7772615883143,1081.7145234739894,1088.7479248046875,118408
1915,2019-12-24 00:00:00+05:30,1092.2169817427462,1103.4798667388086,1082.0945980035603,1095.5435791015625,122603
1916,2019-12-26 00:00:00+05:30,1089.2231157007743,1111.8440261182272,1089.2231157007743,1101.674072265625,177026
1917,2019-12-27 00:00:00+05:30,1102.5294947088635,1132.9441014594527,1095.876299482172,1127.76416015625,258001
1918,2019-12-30 00:00:00+05:30,1131.2331755921625,1139.407193556542,1103.5274639896254,1124.7701416015625,202347
1919,2019-12-31 00:00:00+05:30,1121.5385718343603,1125.29282827175,1107.2817255822285,1110.1806640625,73887
1920,2020-01-01 00:00:00+05:30,1111.5111740027764,1129.142186368972,1111.5111740027764,1123.1068115234375,104402
1921,2020-01-02 00:00:00+05:30,1123.106962394505,1134.797507897173,1109.1827512670675,1131.0908203125,191628
1922,2020-01-03 00:00:00+05:30,1131.0431761262812,1214.6357745410617,1126.2908938736496,1176.2374267578125,1336455
1923,2020-01-06 00:00:00+05:30,1171.912730304248,1192.4425651488718,1140.5476693958617,1148.5789794921875,441544
1924,2020-01-07 00:00:00+05:30,1158.5587599916144,1239.3000992254745,1154.8045036931376,1224.615478515625,1378712
1925,2020-01-08 00:00:00+05:30,1204.8936142825698,1225.138383396263,1177.615560145826,1216.1566162109375,1032303
1926,2020-01-09 00:00:00+05:30,1227.9896935599372,1247.8542559249681,1216.6792389673828,1229.7005615234375,962650
1927,2020-01-10 00:00:00+05:30,1249.850173223623,1299.939179384113,1236.5437835467176,1288.866455078125,1122452
1928,2020-01-13 00:00:00+05:30,1283.1162338379565,1283.1162338379565,1238.0171207687335,1257.35888671875,437733
1929,2020-01-14 00:00:00+05:30,1259.3547181410604,1298.3234301741047,1250.8006106216117,1289.0089111328125,711124
1930,2020-01-15 00:00:00+05:30,1289.0089841943297,1316.2871537771027,1268.8593539709875,1307.5904541015625,476258
1931,2020-01-16 00:00:00+05:30,1310.2041250811235,1329.5458892871413,1279.0766785113688,1303.2657470703125,388340
1932,2020-01-17 00:00:00+05:30,1302.125295750828,1329.6885319382543,1292.620731548267,1309.4913330078125,301791
1933,2020-01-20 00:00:00+05:30,1312.675364859397,1335.1061136180451,1304.9766909070556,1318.2830810546875,482408
1934,2020-01-21 00:00:00+05:30,1325.886634172712,1371.5085398646763,1323.0352650669643,1330.638916015625,935374
1935,2020-01-22 00:00:00+05:30,1338.1950997550257,1348.6976898375374,1309.776544985904,1314.7188720703125,215886
1936,2020-01-23 00:00:00+05:30,1320.0889554928256,1320.0889554928256,1295.472110813582,1310.1566162109375,179761
1937,2020-01-24 00:00:00+05:30,1311.6298309991844,1339.1930665781529,1292.620703013689,1296.802734375,234666
1938,2020-01-27 00:00:00+05:30,1301.5550003403996,1303.3133214528991,1259.3547135278698,1264.67724609375,198997
1939,2020-01-28 00:00:00+05:30,1268.574154155688,1317.3326155560537,1268.5267009475672,1308.5408935546875,371874
1940,2020-01-29 00:00:00+05:30,1320.3264765538129,1328.8805837993543,1302.125214043521,1310.6793212890625,157626
1941,2020-01-30 00:00:00+05:30,1312.5802545211166,1316.3345107952118,1170.3920039556258,1212.9249267578125,2579228
1942,2020-01-31 00:00:00+05:30,1230.8411187906906,1233.6924881778505,1174.5741426264087,1184.6964111328125,918741
1943,2020-02-03 00:00:00+05:30,1144.5395334104549,1167.1604418022707,1112.0339714239876,1123.1068115234375,452353
1944,2020-02-04 00:00:00+05:30,1130.092614714601,1202.3272982455596,1130.0450454874865,1197.33740234375,483753
1945,2020-02-05 00:00:00+05:30,1201.3769422648118,1254.3173196565574,1174.764161898186,1245.1455078125,529901
1946,2020-02-06 00:00:00+05:30,1247.188824497289,1254.6024307242083,1212.0219381815348,1222.999755859375,239364
1947,2020-02-07 00:00:00+05:30,1224.1879027854134,1224.1879027854134,1197.5751222900783,1201.0443115234375,193570
1948,2020-02-10 00:00:00+05:30,1205.178667033718,1206.7469432355422,1165.7347280101383,1173.33837890625,153874
1949,2020-02-11 00:00:00+05:30,1184.2688286260086,1184.2688286260086,1141.4982850560484,1148.626708984375,256257
1950,2020-02-12 00:00:00+05:30,1157.6558173306516,1199.4758961176374,1152.6183523404911,1176.3797607421875,426423
1951,2020-02-13 00:00:00+05:30,1182.795477393906,1205.5589788809975,1174.7641668370761,1198.2879638671875,248504
1952,2020-02-14 00:00:00+05:30,1205.4163241994684,1216.5841868522132,1191.8723205567776,1209.8834228515625,227045
1953,2020-02-17 00:00:00+05:30,1216.3466617511633,1216.3466617511633,1192.8228642295057,1204.3233642578125,130535
1954,2020-02-18 00:00:00+05:30,1203.9431055036603,1240.3456329407345,1195.198952814539,1232.78955078125,403539
1955,2020-02-19 00:00:00+05:30,1235.5933691469586,1282.1657345994208,1226.7066246579816,1269.952392578125,492773
1956,2020-02-20 00:00:00+05:30,1273.6115582611355,1304.4538216025605,1271.5680538250954,1290.2921142578125,370982
1957,2020-02-24 00:00:00+05:30,1290.7199147088384,1329.3084250368665,1251.1809478898613,1262.58642578125,468473
1958,2020-02-25 00:00:00+05:30,1268.859398973924,1301.9353308393306,1255.7906223927318,1266.293212890625,277751
1959,2020-02-26 00:00:00+05:30,1273.611605944859,1306.8775807270008,1250.0402402616508,1291.0050048828125,202087
1960,2020-02-27 00:00:00+05:30,1299.0362946790312,1311.4397972033173,1259.3547396742026,1280.9300537109375,408395
1961,2020-02-28 00:00:00+05:30,1236.5437902586027,1267.9088518101275,1207.0796415283824,1214.4456787109375,352419
1962,2020-03-02 00:00:00+05:30,1235.736035504829,1259.3548562073072,1163.6439335445602,1191.397216796875,196764
1963,2020-03-03 00:00:00+05:30,1202.3274399199815,1266.9584801686444,1185.8844965065346,1252.98681640625,438529
1964,2020-03-04 00:00:00+05:30,1252.9866713507288,1280.264722594634,1207.0795825502487,1250.84814453125,345559
1965,2020-03-05 00:00:00+05:30,1256.8836417189489,1262.7764253422995,1222.667209273002,1236.2586669921875,221583
1966,2020-03-06 00:00:00+05:30,1207.0796703721746,1248.3295027846714,1192.8228238717159,1237.3516845703125,212318
1967,2020-03-09 00:00:00+05:30,1194.7712767577702,1221.3364870117848,1154.8045383029717,1162.55078125,417895
1968,2020-03-11 00:00:00+05:30,1162.5983583548486,1207.0797694981193,1162.5983583548486,1176.6651611328125,238145
1969,2020-03-12 00:00:00+05:30,1142.4486520471307,1143.3991084964211,999.880184653562,1113.317138671875,632153
1970,2020-03-13 00:00:00+05:30,1038.8964693884013,1112.0340468285,912.4381922695385,1068.88330078125,292286
1971,2020-03-16 00:00:00+05:30,1026.4928731995365,1054.8165192579334,976.2137083355396,1043.45849609375,222884
1972,2020-03-17 00:00:00+05:30,1043.4585629836697,1105.3808222770365,996.078333401835,1002.1137084960938,346326
1973,2020-03-18 00:00:00+05:30,1021.7407234574722,1026.4930058921582,801.7100467315142,991.6587524414062,360547
1974,2020-03-19 00:00:00+05:30,923.8436349198122,937.1025135047089,874.4199013644313,893.2864379882812,473706
1975,2020-03-20 00:00:00+05:30,893.2864580022203,997.0288011766268,890.5301691450926,988.4271240234375,299636
1976,2020-03-23 00:00:00+05:30,794.15390618104,919.2815259101931,794.15390618104,828.1802368164062,195117
1977,2020-03-24 00:00:00+05:30,853.5099031418748,893.2864828844621,808.6008352983853,821.3369750976562,371054
1978,2020-03-25 00:00:00+05:30,804.0861171740898,977.0691825708799,774.6219686724388,891.2429809570312,545956
1979,2020-03-26 00:00:00+05:30,902.9335459699761,957.1095587281746,827.8474931998412,887.0609130859375,566905
1980,2020-03-27 00:00:00+05:30,901.0801807580663,1043.5535606813503,901.0801807580663,984.4827880859375,924629
1981,2020-03-30 00:00:00+05:30,950.4564499095311,994.5100831583347,931.4473209113405,983.579833984375,227734
1982,2020-03-31 00:00:00+05:30,1021.7406792245179,1092.9298902187106,996.8862199625997,1068.5506591796875,1369271
1983,2020-04-01 00:00:00+05:30,1051.6324491302405,1054.056159386346,965.9963497371685,972.17431640625,190656
1984,2020-04-03 00:00:00+05:30,983.437241834135,983.437241834135,933.2056416853472,938.0054931640625,223204
1985,2020-04-07 00:00:00+05:30,959.9609526753248,989.5201231621128,943.4229883059215,955.6838989257812,378443
1986,2020-04-08 00:00:00+05:30,967.5645937155579,1010.7153365219123,936.1995332120083,962.4796752929688,574326
1987,2020-04-09 00:00:00+05:30,974.2178170951117,978.0196427228,941.9498104778567,949.2208251953125,550838
1988,2020-04-13 00:00:00+05:30,950.4564114138108,1000.1653281397575,936.9124075511639,982.3917236328125,368819
1989,2020-04-15 00:00:00+05:30,969.940772936722,1035.9974938765577,964.7132626465192,975.2633056640625,313816
1990,2020-04-16 00:00:00+05:30,975.2632913986133,1030.5799236374983,965.9013190385108,999.4049072265625,180019
1991,2020-04-17 00:00:00+05:30,1026.4930023275765,1083.5203913457754,1012.3311775168866,1055.9571533203125,614914
1992,2020-04-20 00:00:00+05:30,1067.3624775243945,1105.3807313988164,1036.947874424857,1093.21484375,379095
1993,2020-04-21 00:00:00+05:30,1031.2452100293428,1045.4544870212035,951.4068711883616,971.9367065429688,595687
1994,2020-04-22 00:00:00+05:30,959.0105020512001,971.9366858119078,903.9790536051081,941.6646728515625,1256144
1995,2020-04-23 00:00:00+05:30,960.911376789643,1019.8396709152195,960.911376789643,1006.153076171875,737955
1996,2020-04-24 00:00:00+05:30,1005.5828897772519,1032.9560810119513,960.0084929530544,1020.2673950195312,663988
1997,2020-04-27 00:00:00+05:30,1026.492923273526,1068.788233538037,1021.7406412213337,1052.4404296875,335288
1998,2020-04-28 00:00:00+05:30,1066.4121280907768,1078.43542528846,1026.6830023999576,1041.462646484375,371766
1999,2020-04-29 00:00:00+05:30,1045.5020748914417,1053.1057263451978,988.4746889882722,993.0369262695312,302193
2000,2020-04-30 00:00:00+05:30,1016.9882717137033,1069.263369792445,1004.1095420507584,1014.7071533203125,729267
2001,2020-05-04 00:00:00+05:30,978.970122106307,1038.8488771477607,969.4655578140128,1031.3878173828125,339916
2002,2020-05-05 00:00:00+05:30,1040.7497310129893,1069.2634222736192,989.4250867438557,1009.0994873046875,423262
2003,2020-05-06 00:00:00+05:30,1012.2361577943313,1036.9480264353197,1002.6840236990951,1031.9581298828125,163838
2004,2020-05-07 00:00:00+05:30,1027.2533917796384,1064.5112387260428,1027.2533917796384,1053.818603515625,226143
2005,2020-05-08 00:00:00+05:30,1064.5112516363333,1091.0764636945003,1056.907599838931,1065.50927734375,249851
2006,2020-05-11 00:00:00+05:30,1073.0653936604808,1077.7701069490977,1050.4920516769234,1060.85205078125,230427
2007,2020-05-12 00:00:00+05:30,1059.5688587123464,1069.643673515034,1046.3099220988108,1055.5294189453125,113635
2008,2020-05-13 00:00:00+05:30,1079.7184482786554,1083.5202738007633,1049.3038441017918,1052.7254638671875,148838
2009,2020-05-14 00:00:00+05:30,1052.155197328884,1069.2634119195975,1049.969101277735,1056.4322509765625,146562
2010,2020-05-15 00:00:00+05:30,1064.4162161112756,1113.9349746287498,1056.9075868491211,1099.3929443359375,427236
2011,2020-05-18 00:00:00+05:30,1106.3311678403384,1107.2340549446096,1048.3533317249942,1059.9488525390625,193389
2012,2020-05-19 00:00:00+05:30,1067.1724512378519,1078.767972462366,1050.2542815602771,1064.701171875,160254
2013,2020-05-20 00:00:00+05:30,1066.9824076304023,1093.0249380546427,1054.056222871825,1064.36865234375,279064
2014,2020-05-21 00:00:00+05:30,1064.51122078949,1082.6174625163887,1057.525389107562,1074.0633544921875,101357
2015,2020-05-22 00:00:00+05:30,1074.01575718684,1090.36356124121,1056.0046543934639,1074.6810302734375,145884
2016,2020-05-26 00:00:00+05:30,1074.015811302009,1150.0523289163104,1071.1644418914727,1141.4031982421875,386063
2017,2020-05-27 00:00:00+05:30,1150.0522272876335,1227.0391945688718,1148.5789734800387,1220.243408203125,439235
2018,2020-05-28 00:00:00+05:30,1222.381914915536,1229.89054344711,1180.4668121803018,1202.3748779296875,236157
2019,2020-05-29 00:00:00+05:30,1192.8227760279854,1277.413395204472,1178.565930099364,1262.253662109375,566247
2020,2020-06-01 00:00:00+05:30,1278.1262695513892,1300.8422011717892,1233.3597954174493,1237.16162109375,583498
2021,2020-06-02 00:00:00+05:30,1242.2467052103723,1275.5126843093494,1219.2931564275725,1234.78564453125,545746
2022,2020-06-03 00:00:00+05:30,1245.0978884813137,1266.9583857599932,1214.7308528010217,1223.997802734375,485084
2023,2020-06-04 00:00:00+05:30,1231.221296508948,1234.167688270667,1153.141276699566,1159.842041015625,304537
2024,2020-06-05 00:00:00+05:30,1166.2100100583075,1182.367768958871,1141.498143504505,1150.3848876953125,203761
2025,2020-06-08 00:00:00+05:30,1169.0614036640627,1172.8632293670353,1124.912749097299,1140.357666015625,275085
2026,2020-06-09 00:00:00+05:30,1145.3000136150827,1160.5073167004282,1119.637689658562,1134.2271728515625,414585
2027,2020-06-10 00:00:00+05:30,1142.8762504231752,1152.238338770142,1131.280728765854,1143.3990478515625,235803
2028,2020-06-11 00:00:00+05:30,1140.6903508497296,1161.4578014268768,1135.9380685198323,1141.070556640625,271957
2029,2020-06-12 00:00:00+05:30,1121.5386166087585,1177.0927499800757,1114.2201483161657,1154.5194091796875,465377
2030,2020-06-15 00:00:00+05:30,1160.5073346770964,1211.2617327151436,1158.6064217619823,1203.6580810546875,479365
2031,2020-06-16 00:00:00+05:30,1215.4911463758306,1221.3364764520682,1180.419281940915,1191.729736328125,270326
2032,2020-06-17 00:00:00+05:30,1188.0704923625221,1222.286922542563,1184.7914642126052,1198.5255126953125,209638
2033,2020-06-18 00:00:00+05:30,1201.3767990488689,1213.0198890712966,1199.3332947383915,1204.418212890625,83950
2034,2020-06-19 00:00:00+05:30,1211.8319261392207,1219.388008210849,1199.808629314592,1210.8814697265625,189657
2035,2020-06-22 00:00:00+05:30,1218.1525306449373,1218.1525306449373,1185.5993972779222,1190.01904296875,118537
2036,2020-06-23 00:00:00+05:30,1196.5771019810622,1198.6681757857295,1173.813716399964,1176.2374267578125,178658
2037,2020-06-24 00:00:00+05:30,1187.7853854407026,1197.5751333365076,1159.5568751353487,1164.73681640625,126771
2038,2020-06-25 00:00:00+05:30,1156.705605540264,1173.1009808036736,1141.9259599807594,1168.111083984375,127282
2039,2020-06-26 00:00:00+05:30,1176.4749036170128,1189.4010866316341,1169.0612977588096,1178.3282470703125,348691
2040,2020-06-29 00:00:00+05:30,1180.3719066492645,1207.0321408690943,1164.546783308393,1195.7218017578125,197142
2041,2020-06-30 00:00:00+05:30,1206.1293124766999,1228.370018038931,1181.4174431903373,1220.2911376953125,387251
2042,2020-07-01 00:00:00+05:30,1204.2282193205658,1221.3364339596897,1189.9713737879624,1213.400146484375,191324
2043,2020-07-02 00:00:00+05:30,1211.8319421421372,1235.593352772375,1201.6621048014003,1214.6357421875,210837
2044,2020-07-03 00:00:00+05:30,1220.2909733003862,1241.2960361595337,1208.12508518936,1222.6671142578125,370790
2045,2020-07-06 00:00:00+05:30,1222.667285442213,1245.050466781511,1211.8320579548179,1215.9190673828125,258354
2046,2020-07-07 00:00:00+05:30,1233.6923574496802,1239.3950956197095,1221.4314471796163,1235.1180419921875,207313
2047,2020-07-08 00:00:00+05:30,1226.0888430580264,1268.8593840949343,1226.0888430580264,1233.0272216796875,343517
2048,2020-07-09 00:00:00+05:30,1234.6428714602866,1248.4720585773332,1218.580134993522,1238.112060546875,303076
2049,2020-07-10 00:00:00+05:30,1235.5932837550547,1273.4214937744043,1231.7914582665776,1258.9744873046875,471789
2050,2020-07-13 00:00:00+05:30,1266.0079953072873,1268.7643422252975,1230.8411065487514,1253.6044921875,121325
2051,2020-07-14 00:00:00+05:30,1249.8501428194797,1263.156532172691,1216.821783532045,1227.371826171875,143755
2052,2020-07-15 00:00:00+05:30,1231.981501856753,1241.4860655681075,1221.384006136598,1224.758056640625,60062
2053,2020-07-16 00:00:00+05:30,1224.7580673980324,1251.7510517798673,1218.6276701593663,1244.7176513671875,87005
2054,2020-07-17 00:00:00+05:30,1249.8501482749116,1289.7693165087871,1239.8703562164428,1278.4588623046875,174949
2055,2020-07-20 00:00:00+05:30,1287.868428728804,1384.8149820353265,1287.868428728804,1369.465087890625,611077
2056,2020-07-21 00:00:00+05:30,1380.0626820741181,1449.4459987348694,1361.0535542218577,1425.8746337890625,796019
2057,2020-07-22 00:00:00+05:30,1435.1892941497092,1454.1984238735465,1359.1527752543604,1430.43701171875,411992
2058,2020-07-23 00:00:00+05:30,1436.139665830638,1449.1608725135452,1371.508628586109,1383.2943115234375,246391
2059,2020-07-24 00:00:00+05:30,1383.864483939754,1438.8009089007608,1373.5995086663631,1430.056640625,432489
2060,2020-07-27 00:00:00+05:30,1439.941485057088,1559.6989947054,1402.0658196942472,1483.9951171875,1671096
2061,2020-07-28 00:00:00+05:30,1509.3248216503594,1644.0044523369809,1501.3885336075193,1614.3978271484375,1353543
2062,2020-07-29 00:00:00+05:30,1644.0043141399926,1703.2177915845512,1564.2135493863143,1581.46435546875,2008867
2063,2020-07-30 00:00:00+05:30,1596.7667009979757,1638.4917588297453,1544.4916006676847,1561.55224609375,531543
2064,2020-07-31 00:00:00+05:30,1571.152033012107,1634.5474298785182,1523.5816427360169,1602.8497314453125,547342
2065,2020-08-03 00:00:00+05:30,1613.4948277215108,1639.347312477095,1556.0397823901317,1576.6171875,444584
2066,2020-08-04 00:00:00+05:30,1578.708030795332,1731.7315063871733,1568.2530107238397,1709.9185791015625,1279986
2067,2020-08-05 00:00:00+05:30,1737.3393795828404,1747.8418538108865,1653.841803105831,1662.7760009765625,836968
2068,2020-08-06 00:00:00+05:30,1669.0015146631033,1686.8701422085937,1596.8618474022624,1605.9862060546875,533493
2069,2020-08-07 00:00:00+05:30,1611.0236628440705,1631.3634538272536,1577.8527099444302,1588.782958984375,417984
2070,2020-08-10 00:00:00+05:30,1592.9649747331528,1649.0419040346183,1568.2531075833544,1610.168212890625,359012
2071,2020-08-11 00:00:00+05:30,1616.9162826224406,1663.2510292955435,1607.2216743429153,1628.1317138671875,373432
2072,2020-08-12 00:00:00+05:30,1615.775803237781,1652.3208036725985,1601.5189579150947,1627.513916015625,285915
2073,2020-08-13 00:00:00+05:30,1634.6899808994951,1644.0519532082765,1592.2520795561006,1601.66162109375,219494
2074,2020-08-14 00:00:00+05:30,1606.2713993051018,1620.5282460444962,1568.2531413333834,1575.666748046875,275197
2075,2020-08-17 00:00:00+05:30,1598.0498805093903,1598.0498805093903,1494.7827671460782,1512.3662109375,529365
2076,2020-08-18 00:00:00+05:30,1523.2964607887059,1566.066999769112,1509.3247977974447,1559.556396484375,309610
2077,2020-08-19 00:00:00+05:30,1572.0548623613547,1630.175293566701,1564.9264394667296,1621.098388671875,495404
2078,2020-08-20 00:00:00+05:30,1614.6353539305621,1634.7849828920894,1605.1782432823038,1618.342041015625,214636
2079,2020-08-21 00:00:00+05:30,1644.7549404505344,1691.1950799456083,1638.030842494163,1656.6552734375,266912
2080,2020-08-24 00:00:00+05:30,1667.9265362100584,1673.005926310189,1645.722392442268,1652.5433349609375,162850
2081,2020-08-25 00:00:00+05:30,1664.8791588014128,1676.6826477996158,1620.5674755131888,1639.6756591796875,225755
2082,2020-08-26 00:00:00+05:30,1644.7549635915407,1667.878306994475,1637.4986916933428,1644.0777587890625,142957
2083,2020-08-27 00:00:00+05:30,1647.6574510782787,1651.0921336404347,1616.697358045686,1621.4864501953125,160309
2084,2020-08-28 00:00:00+05:30,1625.4048840815124,1644.7549422253398,1597.3957221596747,1637.982421875,245602
2085,2020-08-31 00:00:00+05:30,1643.593980200283,1647.6574451548497,1504.9991892323253,1546.4566650390625,431439
2086,2020-09-01 00:00:00+05:30,1549.0689753295528,1552.8422605178441,1489.9545677242866,1500.355224609375,321062
2087,2020-09-02 00:00:00+05:30,1501.8548040245032,1538.3296162373313,1485.1169565561656,1503.49951171875,616113
2088,2020-09-03 00:00:00+05:30,1518.882897272091,1594.4448536706348,1495.9047023238643,1523.817138671875,699310
2089,2020-09-04 00:00:00+05:30,1512.2070795766224,1579.9322846760233,1496.9204860414036,1554.29345703125,392236
2090,2020-09-07 00:00:00+05:30,1567.3547658472617,1581.867309975477,1518.9796187532104,1530.3477783203125,171375
2091,2020-09-08 00:00:00+05:30,1530.5896941281383,1538.329717865828,1491.3574015663678,1498.1783447265625,240460
2092,2020-09-09 00:00:00+05:30,1495.51758352956,1533.588798409216,1470.6043842567888,1478.2476806640625,305439
2093,2020-09-10 00:00:00+05:30,1482.214432973958,1504.4669995264392,1471.5719011445105,1485.8909912109375,245634
2094,2020-09-11 00:00:00+05:30,1493.5342181789295,1515.3998787680684,1485.2137166440616,1504.3218994140625,127619
2095,2020-09-14 00:00:00+05:30,1543.1672172776916,1798.587998068482,1543.1672172776916,1692.2593994140625,2177773
2096,2020-09-15 00:00:00+05:30,1711.3191962447042,1711.3191962447042,1630.9680322435547,1645.7708740234375,415291
2097,2020-09-16 00:00:00+05:30,1656.1715439619377,1681.5200731980228,1620.567389301892,1631.1614990234375,272094
2098,2020-09-17 00:00:00+05:30,1620.5674454521798,1731.8302849906875,1597.3473745919694,1703.143798828125,603583
2099,2020-09-18 00:00:00+05:30,1710.5451697600295,1725.4930426955946,1667.0075381767708,1686.8897705078125,261517
2100,2020-09-21 00:00:00+05:30,1688.3409885670021,1694.4846083819968,1559.6146800475326,1573.69189453125,295106
2101,2020-09-22 00:00:00+05:30,1562.517257155642,1606.0548897079664,1489.9545362351014,1564.597412109375,355741
2102,2020-09-23 00:00:00+05:30,1586.7531533398424,1610.166675908913,1517.1896723072086,1544.086181640625,231594
2103,2020-09-24 00:00:00+05:30,1547.0371868553405,1589.9459182296816,1508.917547748672,1578.5777587890625,286931
2104,2020-09-25 00:00:00+05:30,1578.9647858752098,1620.906014379343,1560.1469010790195,1583.5604248046875,290558
2105,2020-09-28 00:00:00+05:30,1583.8507741117949,1758.7752391027748,1572.3857695081865,1728.540771484375,1116448
2106,2020-09-29 00:00:00+05:30,1731.8302075966585,1776.1418880826634,1698.9351086814147,1730.2822265625,448892
2107,2020-09-30 00:00:00+05:30,1730.1855285199147,1742.6662217733217,1654.4300022291222,1666.8140869140625,256698
2108,2020-10-01 00:00:00+05:30,1690.2275893894953,1717.3176709595616,1661.2025019929956,1685.777099609375,240405
2109,2020-10-05 00:00:00+05:30,1677.6501787210768,1730.6693896267445,1672.4256389728935,1696.371337890625,314535
2110,2020-10-06 00:00:00+05:30,1697.0001570900536,1716.3017935054531,1678.6176012264784,1687.083251953125,125785
2111,2020-10-07 00:00:00+05:30,1693.130085763864,1694.9199425195663,1665.5562529385668,1675.9569091796875,99635
2112,2020-10-08 00:00:00+05:30,1680.5526294958233,1687.1800011037274,1635.0799907011753,1651.624267578125,160890
2113,2020-10-09 00:00:00+05:30,1661.202501456452,1679.5850568016313,1652.8820000261528,1660.71875,119723
2114,2020-10-12 00:00:00+05:30,1665.072554404221,1697.9676542588077,1640.884980981731,1685.051513671875,139881
2115,2020-10-13 00:00:00+05:30,1679.5851734704515,1717.1243363400647,1666.6206099163032,1693.710693359375,223441
2116,2020-10-14 00:00:00+05:30,1683.4550321496895,1731.007822914134,1683.4550321496895,1707.207275390625,199876
2117,2020-10-15 00:00:00+05:30,1719.2527620634764,1722.1552709470952,1654.4300636626588,1667.8299560546875,127964
2118,2020-10-16 00:00:00+05:30,1670.8774731472645,1691.872238394214,1649.6891364623589,1684.615966796875,95054
2119,2020-10-19 00:00:00+05:30,1700.6767485566852,1743.440332102756,1692.1626752762043,1704.401611328125,316580
2120,2020-10-20 00:00:00+05:30,1710.8354694615996,1738.6027561668166,1700.8701420930795,1729.0728759765625,85669
2121,2020-10-21 00:00:00+05:30,1741.505190562513,1814.067906835951,1694.0975492638668,1708.900390625,642785
2122,2020-10-22 00:00:00+05:30,1701.8375619049373,1763.56429274466,1669.5229421684999,1744.843017578125,208986
2123,2020-10-23 00:00:00+05:30,1745.8590517706143,1777.8833754004816,1733.861991717709,1741.5537109375,208450
2124,2020-10-26 00:00:00+05:30,1750.261241403827,1814.0680130757225,1733.8619957035908,1747.1651611328125,302635
2125,2020-10-27 00:00:00+05:30,1741.988994695078,1775.4645718610993,1713.4960811512215,1739.4735107421875,148849
2126,2020-10-28 00:00:00+05:30,1740.5377565597892,1768.5953412958836,1695.0651192288774,1709.142333984375,208432
2127,2020-10-29 00:00:00+05:30,1645.722578657092,1705.127285599079,1610.9891978501767,1617.76171875,1106834
2128,2020-10-30 00:00:00+05:30,1633.144995705651,1663.1375874514301,1628.355903297277,1645.7225341796875,193591
2129,2020-11-02 00:00:00+05:30,1635.1766381655093,1651.3340075612523,1610.892338840305,1620.857666015625,96132
2130,2020-11-03 00:00:00+05:30,1630.242368516646,1651.5758544676669,1597.3472702795148,1604.168212890625,159999
2131,2020-11-04 00:00:00+05:30,1606.0547934667288,1617.0359276206598,1574.1271981749205,1581.2867431640625,430234
2132,2020-11-05 00:00:00+05:30,1591.5422726392997,1641.3686720562748,1587.6722610340978,1631.7420654296875,337150
2133,2020-11-06 00:00:00+05:30,1649.5924712724216,1690.9047985315565,1644.8033790810484,1672.0869140625,249664
2134,2020-11-09 00:00:00+05:30,1687.2765852995558,1690.227516298612,1640.4011184226083,1648.3345947265625,116974
2135,2020-11-10 00:00:00+05:30,1659.267474857662,1663.1374864608283,1596.3797863062052,1606.6837158203125,164549
2136,2020-11-11 00:00:00+05:30,1617.9067806824442,1638.4177956330277,1601.2657774661884,1631.500244140625,98130
2137,2020-11-12 00:00:00+05:30,1637.014875456592,1638.9498812195432,1598.314760197571,1606.4901123046875,92516
2138,2020-11-13 00:00:00+05:30,1612.9240902365045,1634.1124277516521,1598.3148198020897,1624.7760009765625,120755
2139,2020-11-14 00:00:00+05:30,1635.079981940322,1635.079981940322,1625.4049524613854,1628.887939453125,19105
2140,2020-11-17 00:00:00+05:30,1615.729801969495,1626.952811703817,1597.347247336309,1601.652587890625,175735
2141,2020-11-18 00:00:00+05:30,1602.1848394529334,1618.3905134027139,1582.4961786032798,1586.027587890625,177730
2142,2020-11-19 00:00:00+05:30,1581.867302756031,1599.330778018637,1552.9389413051365,1565.5164794921875,168202
2143,2020-11-20 00:00:00+05:30,1571.224768130479,1581.8673004269294,1552.8422123457015,1557.7281494140625,157598
2144,2020-11-23 00:00:00+05:30,1562.323792483493,1567.354760522829,1533.4921576720271,1535.4755859375,260563
2145,2020-11-24 00:00:00+05:30,1536.394701376511,1595.4123819709487,1536.394701376511,1560.582275390625,269067
2146,2020-11-25 00:00:00+05:30,1576.062269016403,1602.1848480608737,1549.8429632998518,1575.1431884765625,263726
2147,2020-11-26 00:00:00+05:30,1572.1922029563013,1591.4455341701039,1552.696996018967,1560.2918701171875,251597
2148,2020-11-27 00:00:00+05:30,1565.5164077339984,1589.6072533933195,1555.8413788028158,1562.46875,211016
2149,2020-12-01 00:00:00+05:30,1569.2898049266958,1571.1763884619165,1536.3947042069005,1540.506591796875,245398
2150,2020-12-02 00:00:00+05:30,1543.1188510843556,1546.8438320892517,1500.1133902968854,1516.75439453125,277605
2151,2020-12-03 00:00:00+05:30,1529.6221656033733,1544.8603370823444,1517.0446272397783,1520.09228515625,192950
2152,2020-12-04 00:00:00+05:30,1523.091435497879,1531.5570858460487,1509.3045192165737,1515.157958984375,156315
2153,2020-12-07 00:00:00+05:30,1509.3046106369961,1543.0220650167669,1501.467860317828,1512.78759765625,228560
2154,2020-12-08 00:00:00+05:30,1514.1420291422014,1562.5171738432302,1514.1420291422014,1542.39306640625,365203
2155,2020-12-09 00:00:00+05:30,1549.0688960350956,1644.7549581005637,1540.9902703027487,1625.550048828125,1346553
2156,2020-12-10 00:00:00+05:30,1639.9173499699307,1657.8161529047056,1596.379721209667,1634.3057861328125,456217
2157,2020-12-11 00:00:00+05:30,1634.3059371898503,1644.7550162994605,1601.2173835150631,1613.794921875,221117
2158,2020-12-14 00:00:00+05:30,1623.4699310436113,1654.8170498763345,1608.9573869639605,1647.0770263671875,313099
2159,2020-12-15 00:00:00+05:30,1658.8321733170358,1662.992364997437,1637.0149353008399,1653.4140625,391653
2160,2020-12-16 00:00:00+05:30,1655.3974227979363,1673.7799774637228,1640.8848796407365,1650.366455078125,229649
2161,2020-12-17 00:00:00+05:30,1650.366530822744,1694.1943423069656,1646.689972479497,1657.622802734375,268322
2162,2020-12-18 00:00:00+05:30,1662.0733560251801,1667.975100451343,1636.6764033645957,1647.8994140625,113437
2163,2020-12-21 00:00:00+05:30,1648.6250484797438,1667.975107734201,1580.1742138671018,1598.41162109375,396092
2164,2020-12-22 00:00:00+05:30,1600.2498004577155,1614.568890653587,1569.725036647777,1596.5732421875,157239
2165,2020-12-23 00:00:00+05:30,1597.2989068383984,1635.0799433022084,1597.2989068383984,1618.1002197265625,459495
2166,2020-12-24 00:00:00+05:30,1623.4698254331745,1685.3900094783014,1623.4698254331745,1675.4246826171875,326932
2167,2020-12-28 00:00:00+05:30,1688.1958345648886,1722.0584360796158,1676.6825264292052,1687.6153564453125,355431
2168,2020-12-29 00:00:00+05:30,1693.1301087472407,1712.3834404616719,1667.975032845853,1700.579833984375,129388
2169,2020-12-30 00:00:00+05:30,1702.9018249570815,1717.3176417394013,1682.7778355666146,1699.1285400390625,163291
2170,2020-12-31 00:00:00+05:30,1706.6751702333224,1706.6751702333224,1659.26752661573,1674.457275390625,89347
2171,2021-01-01 00:00:00+05:30,1683.4551124785498,1697.9676565516409,1672.377251077445,1691.43701171875,76577
2172,2021-01-04 00:00:00+05:30,1699.9026741217374,1736.377487901663,1690.1309179993132,1726.3155517578125,215222
2173,2021-01-05 00:00:00+05:30,1722.1552218599572,1739.2799765438397,1689.6954511953438,1710.8837890625,183057
2174,2021-01-06 00:00:00+05:30,1715.3826457950152,1724.573923366957,1654.429962949507,1683.2615966796875,172471
2175,2021-01-07 00:00:00+05:30,1700.8701239343734,1716.3017481815032,1679.5850598123277,1693.5654296875,242573
2176,2021-01-08 00:00:00+05:30,1704.740064837558,1704.740064837558,1651.3339534074944,1659.7027587890625,195953
2177,2021-01-11 00:00:00+05:30,1673.7800293681985,1690.8564793000592,1647.657450875169,1655.8812255859375,320464
2178,2021-01-12 00:00:00+05:30,1654.4300449166635,1661.154143179502,1627.3399623098408,1631.6937255859375,162875
2179,2021-01-13 00:00:00+05:30,1635.0799297177691,1648.5765481684648,1632.467719083242,1635.5152587890625,191015
2180,2021-01-14 00:00:00+05:30,1643.7874334935548,1673.7800235102118,1620.8092395291806,1635.95068359375,199851
2181,2021-01-15 00:00:00+05:30,1639.9175361786913,1642.7716227023661,1610.7957203663436,1621.77685546875,111449
2182,2021-01-18 00:00:00+05:30,1620.4707181034405,1620.5674447779736,1573.2082225137276,1585.1568603515625,116888
2183,2021-01-19 00:00:00+05:30,1587.4788577883653,1603.1523580426606,1579.013207134851,1592.8968505859375,87713
2184,2021-01-20 00:00:00+05:30,1596.089572802354,1635.3218647504877,1596.089572802354,1618.777587890625,118558
2185,2021-01-21 00:00:00+05:30,1623.7602670529186,1659.2675784882504,1608.9574245049332,1625.6468505859375,215157
2186,2021-01-22 00:00:00+05:30,1633.1448923838127,1642.819921367129,1608.9573199255215,1620.3739013671875,189367
2187,2021-01-25 00:00:00+05:30,1625.4048983668517,1635.0315051366592,1596.379810896015,1611.23095703125,118182
2188,2021-01-27 00:00:00+05:30,1611.2309388431004,1626.4208053100663,1572.1922202561848,1597.9761962890625,182008
2189,2021-01-28 00:00:00+05:30,1591.5423578917528,1627.339967157403,1577.0298135948674,1618.0035400390625,175330
2190,2021-01-29 00:00:00+05:30,1618.0034601240543,1634.209133788493,1584.818181332934,1590.0426025390625,114242
2191,2021-02-01 00:00:00+05:30,1596.1863456096855,1609.9248396683872,1538.32962444275,1546.3115234375,244606
2192,2021-02-02 00:00:00+05:30,1572.2889445856497,1573.7886213271684,1550.181526865169,1558.5987548828125,278261
2193,2021-02-03 00:00:00+05:30,1562.468849393994,1574.6594811054765,1520.9146447325113,1523.52685546875,453462
2194,2021-02-04 00:00:00+05:30,1530.5896202547465,1553.6645412883527,1523.8655221985207,1530.92822265625,156839
2195,2021-02-05 00:00:00+05:30,1547.9562545167669,1565.37130713194,1520.914595058449,1533.7340087890625,198076
2196,2021-02-08 00:00:00+05:30,1542.1996125604796,1544.2797674026142,1490.9219591942904,1503.789794921875,318777
2197,2021-02-09 00:00:00+05:30,1507.3696493344316,1534.459732891148,1489.9545956193997,1500.5487060546875,284597
2198,2021-02-10 00:00:00+05:30,1501.5645349437887,1508.3370553977877,1442.7403100448432,1447.19091796875,773408
2199,2021-02-11 00:00:00+05:30,1449.3194427210192,1483.6657980057964,1437.2256556489147,1443.85302734375,532553
2200,2021-02-12 00:00:00+05:30,1451.254458558548,1523.8171814864756,1451.254458558548,1513.755126953125,728680
2201,2021-02-15 00:00:00+05:30,1531.5571579386672,1542.7801684507053,1478.6830985117056,1485.98779296875,270890
2202,2021-02-16 00:00:00+05:30,1499.5811610413157,1536.3946957984979,1462.767744387522,1485.5523681640625,456825
2203,2021-02-17 00:00:00+05:30,1485.1170931099116,1491.9380364466595,1446.6588491678147,1453.86669921875,345921
2204,2021-02-18 00:00:00+05:30,1458.9944369636526,1469.4918202667523,1441.9664088001387,1452.3670654296875,220514
2205,2021-02-19 00:00:00+05:30,1454.1084453610515,1469.9272123571802,1446.3684221128933,1452.60888671875,155337
2206,2021-02-22 00:00:00+05:30,1452.2219251190122,1472.491064640644,1430.4531087864486,1441.482666015625,177677
2207,2021-02-23 00:00:00+05:30,1450.2868916260795,1464.7994355716373,1441.6760919310382,1452.6572265625,118410
2208,2021-02-24 00:00:00+05:30,1458.9459262425391,1481.7790887806952,1451.738077000284,1469.685302734375,150085
2209,2021-02-25 00:00:00+05:30,1480.279521741365,1481.7307761744448,1456.5756993343955,1470.6044921875,149375
2210,2021-02-26 00:00:00+05:30,1452.2703990034574,1474.4745452086484,1442.546946788776,1462.7193603515625,215860
2211,2021-03-01 00:00:00+05:30,1470.60451977126,1484.633312887499,1449.319454353518,1455.0760498046875,194963
2212,2021-03-02 00:00:00+05:30,1468.669383004911,1471.5718916669762,1447.3843194831009,1453.8182373046875,210276
2213,2021-03-03 00:00:00+05:30,1460.929364534838,1516.4640540656462,1459.0910854223632,1492.421630859375,390228
2214,2021-03-04 00:00:00+05:30,1488.0194503354749,1509.2077873256871,1481.5372281897999,1485.8909912109375,124243
2215,2021-03-05 00:00:00+05:30,1486.1812827420692,1488.116288674447,1456.091964114273,1459.574951171875,116981
2216,2021-03-08 00:00:00+05:30,1465.7669743097058,1507.0793031759574,1457.3497458570052,1483.5206298828125,281087
2217,2021-03-09 00:00:00+05:30,1489.9545473033024,1494.1631615272804,1451.2544291915283,1466.3958740234375,160702
2218,2021-03-10 00:00:00+05:30,1475.4419615001962,1483.133562517155,1456.1886296605987,1467.1214599609375,165787
2219,2021-03-12 00:00:00+05:30,1476.4095081486596,1496.678647798336,1456.5756975870295,1472.7813720703125,295044
2220,2021-03-15 00:00:00+05:30,1477.3770659075058,1499.5329080018462,1466.2992039120315,1489.664306640625,276078
2221,2021-03-16 00:00:00+05:30,1488.1162183866288,1545.8762136019757,1483.085250441429,1529.525390625,551861
2222,2021-03-17 00:00:00+05:30,1533.4921032870802,1580.8030189271499,1533.4921032870802,1553.6162109375,582354
2223,2021-03-18 00:00:00+05:30,1575.0948205067975,1580.6579625325433,1525.7521694958352,1535.52392578125,771073
2224,2021-03-19 00:00:00+05:30,1522.8496264142584,1567.2580349475243,1494.792041175368,1552.600341796875,250163
2225,2021-03-22 00:00:00+05:30,1555.6961639229983,1586.2209261506573,1544.666725890836,1560.0499267578125,274525
2226,2021-03-23 00:00:00+05:30,1562.5172942103377,1567.3548090530942,1476.1192318773515,1504.5638427734375,312331
2227,2021-03-24 00:00:00+05:30,1510.2235596269584,1512.5940125235327,1476.4093815183319,1495.807861328125,291115
2228,2021-03-25 00:00:00+05:30,1495.8079512130262,1495.8079512130262,1457.1561383221679,1470.5560302734375,270308
2229,2021-03-26 00:00:00+05:30,1480.2794525338902,1522.8495805806165,1464.8478283583052,1516.8994140625,122784
2230,2021-03-30 00:00:00+05:30,1518.979605649307,1527.8322811118255,1475.4419736402504,1479.747314453125,131204
2231,2021-03-31 00:00:00+05:30,1480.763293678937,1494.7436643360852,1456.0919679756944,1463.7835693359375,142728
2232,2021-04-01 00:00:00+05:30,1471.5234372670861,1494.6952017771464,1457.881670472844,1468.7177734375,156833
2233,2021-04-05 00:00:00+05:30,1472.4427855746508,1479.1185796516545,1396.155200429923,1403.8468017578125,353676
2234,2021-04-06 00:00:00+05:30,1408.6842312650542,1435.7258902488786,1385.7544596321063,1416.811279296875,311861
2235,2021-04-07 00:00:00+05:30,1418.165873769456,1452.2219304261698,1418.165873769456,1436.3548583984375,224982
2236,2021-04-08 00:00:00+05:30,1445.4493866473733,1477.0866854189837,1441.5793749026682,1456.0919189453125,276755
2237,2021-04-09 00:00:00+05:30,1459.9618679389991,1493.8244692497115,1458.0268621498155,1467.2181396484375,197959
2238,2021-04-12 00:00:00+05:30,1456.1886502723487,1460.9294382954415,1391.2692266681092,1440.9989013671875,247001
2239,2021-04-13 00:00:00+05:30,1446.4168244861987,1453.9149719041038,1410.6192174587811,1425.0350341796875,141922
2240,2021-04-15 00:00:00+05:30,1427.0668194456043,1432.8718370162305,1405.781755019975,1426.9700927734375,73651
2241,2021-04-16 00:00:00+05:30,1451.2543922162445,1455.2695529887196,1423.8740121084106,1446.271728515625,157842
2242,2021-04-19 00:00:00+05:30,1427.066861491494,1458.9944590706257,1408.7327276987721,1443.3692626953125,259475
2243,2021-04-20 00:00:00+05:30,1456.5756923696003,1478.3445087617067,1393.204249094802,1413.473388671875,260438
2244,2021-04-22 00:00:00+05:30,1420.2943219758768,1430.9368543612545,1404.8142748698726,1408.6358642578125,177031
2245,2021-04-23 00:00:00+05:30,1411.4899827824872,1421.2133159163304,1403.895108754647,1411.6351318359375,126316
2246,2021-04-26 00:00:00+05:30,1424.1643448355612,1443.3209505196771,1407.7167946574332,1434.9520263671875,225397
2247,2021-04-27 00:00:00+05:30,1447.4812144824361,1499.5329231167134,1446.5137114825677,1487.97119140625,470863
2248,2021-04-28 00:00:00+05:30,1498.6620707279617,1501.51615719135,1472.3943419941374,1480.71484375,182650
2249,2021-04-29 00:00:00+05:30,1494.7920912522807,1503.9833694832816,1477.3770377619628,1482.311279296875,131478
2250,2021-04-30 00:00:00+05:30,1470.6044996295511,1484.5848701642792,1423.1968545757038,1428.2762451171875,252288
2251,2021-05-03 00:00:00+05:30,1433.0170748908652,1459.9620094971556,1422.2293929495154,1444.6754150390625,100218
2252,2021-05-04 00:00:00+05:30,1455.9951093248637,1459.9618475165257,1427.0667495605535,1438.241455078125,98251
2253,2021-05-05 00:00:00+05:30,1446.1265214506186,1446.1265214506186,1425.3252093298736,1431.565673828125,71579
2254,2021-05-06 00:00:00+05:30,1440.6119476074728,1440.6119476074728,1417.4402983107511,1431.13037109375,90430
2255,2021-05-07 00:00:00+05:30,1439.5476645010663,1475.2485470158135,1432.8718705180831,1452.850830078125,264473
2256,2021-05-10 00:00:00+05:30,1473.506934296763,1548.004658486422,1457.2528381413024,1538.3780517578125,875749
2257,2021-05-11 00:00:00+05:30,1533.395496018036,1563.291361708926,1509.3046482048571,1516.415771484375,460226
2258,2021-05-12 00:00:00+05:30,1518.979556507279,1537.9425897703877,1492.1797733567516,1505.6763916015625,176487
2259,2021-05-14 00:00:00+05:30,1518.6893145952947,1523.6236740619922,1461.1713121703506,1468.234130859375,146719
2260,2021-05-17 00:00:00+05:30,1485.117091887042,1548.0532087227,1478.538024303775,1503.2093505859375,427531
2261,2021-05-18 00:00:00+05:30,1516.5608177159297,1572.1922352716974,1504.75732940632,1560.4854736328125,529833
2262,2021-05-19 00:00:00+05:30,1558.6472676957176,1580.2226309331095,1555.744758817327,1562.7591552734375,250498
2263,2021-05-20 00:00:00+05:30,1573.3532038553985,1591.5423060227263,1566.3388076738395,1573.111328125,259598
2264,2021-05-21 00:00:00+05:30,1589.607374267051,1610.747290468488,1562.5172911998095,1573.982177734375,292476
2265,2021-05-24 00:00:00+05:30,1495.3241754924077,1551.8746735561397,1495.3241754924077,1535.4271240234375,396145
2266,2021-05-25 00:00:00+05:30,1526.9130719216487,1548.8754592232945,1487.051998576565,1492.80859375,302352
2267,2021-05-26 00:00:00+05:30,1503.4996636227484,1510.75593613058,1465.8637732614486,1470.0723876953125,405968
2268,2021-05-27 00:00:00+05:30,1482.214569939485,1520.914689259054,1470.6529565341204,1502.7255859375,214723
2269,2021-05-28 00:00:00+05:30,1513.174612336667,1513.174612336667,1490.0029639479305,1499.3876953125,153545
2270,2021-05-31 00:00:00+05:30,1504.2735513480848,1504.2735513480848,1480.3278546497045,1498.6619873046875,157433
2271,2021-06-01 00:00:00+05:30,1503.4995793411547,1514.0936893673581,1480.279508617739,1505.144287109375,122198
2272,2021-06-02 00:00:00+05:30,1514.1421910056786,1523.188320411136,1485.213827761313,1492.324951171875,172641
2273,2021-06-03 00:00:00+05:30,1499.6295902663687,1516.028718221797,1497.743006732873,1509.062744140625,109925
2274,2021-06-04 00:00:00+05:30,1509.3045405739167,1530.5896046076516,1500.0648405361017,1524.0589599609375,146671
2275,2021-06-07 00:00:00+05:30,1536.3946087420322,1583.0766237746539,1526.2842506550762,1557.969970703125,268166
2276,2021-06-08 00:00:00+05:30,1567.3548039461505,1575.868877283016,1539.2972179495835,1567.5966796875,132588
2277,2021-06-09 00:00:00+05:30,1572.1923108873727,1574.030590133088,1514.142133254608,1519.802001953125,461230
2278,2021-06-10 00:00:00+05:30,1526.6229024840711,1535.5238822314636,1515.4481963601058,1531.266845703125,60233
2279,2021-06-11 00:00:00+05:30,1533.4921050558285,1546.8436923916736,1511.0943891751883,1517.0445556640625,106129
2280,2021-06-14 00:00:00+05:30,1522.849651615764,1523.8171545710472,1497.3559723647293,1504.2252197265625,106801
2281,2021-06-15 00:00:00+05:30,1514.0453428323876,1515.3030257661112,1492.6151295379045,1495.9046630859375,112972
2282,2021-06-16 00:00:00+05:30,1495.9529401730415,1507.8048507252508,1485.3104082486084,1487.777587890625,67099
2283,2021-06-17 00:00:00+05:30,1487.777637195683,1487.777637195683,1436.7418574121862,1443.94970703125,305595
2284,2021-06-18 00:00:00+05:30,1450.964114794472,1455.850051892652,1424.1643305439331,1445.20751953125,161803
2285,2021-06-21 00:00:00+05:30,1436.6450953590684,1460.6875190632616,1423.4870793975226,1443.9013671875,269751
2286,2021-06-22 00:00:00+05:30,1460.9294405850496,1475.2968356350268,1444.0465615097094,1447.3843994140625,192594
2287,2021-06-23 00:00:00+05:30,1458.9943430152712,1461.4131002152303,1430.694883775751,1440.4183349609375,87644
2288,2021-06-24 00:00:00+05:30,1443.4176546590895,1476.6997792970744,1440.6118725224185,1464.654296875,174781
2289,2021-06-25 00:00:00+05:30,1467.3149659649737,1477.377020372735,1449.3194345241368,1470.4593505859375,101751
2290,2021-06-28 00:00:00+05:30,1470.6045275550798,1480.0861039872518,1454.8826041519415,1462.0904541015625,100629
2291,2021-06-29 00:00:00+05:30,1462.5258410987267,1476.4094846502192,1449.3678247513549,1458.897705078125,82687
2292,2021-06-30 00:00:00+05:30,1481.2469813963423,1486.181222703896,1463.880351096178,1472.1041259765625,79555
2293,2021-07-01 00:00:00+05:30,1472.5394296357683,1474.3777087862136,1456.0918801588905,1463.2030029296875,103347
2294,2021-07-02 00:00:00+05:30,1465.8636795266955,1471.5719704885182,1458.9944322792146,1466.0572509765625,60496
2295,2021-07-05 00:00:00+05:30,1470.6044448161015,1525.0749066911042,1460.9294155738903,1488.5999755859375,292661
2296,2021-07-06 00:00:00+05:30,1490.0996184565136,1499.4843493665796,1466.7343997475111,1469.8787841796875,123708
2297,2021-07-07 00:00:00+05:30,1469.6369600517805,1484.1495040944249,1451.3028266525941,1456.0919189453125,207981
2298,2021-07-08 00:00:00+05:30,1461.1229028932237,1479.3120055328902,1446.8039301438193,1470.1207275390625,145010
2299,2021-07-09 00:00:00+05:30,1465.7669176680415,1465.7669176680415,1436.7418301894666,1452.318603515625,126148
2300,2021-07-12 00:00:00+05:30,1460.9293881411932,1465.8153250581174,1431.90430095958,1434.7100830078125,229775
2301,2021-07-13 00:00:00+05:30,1441.579389685047,1562.5172579472153,1434.8068690623656,1548.1014404296875,1882151
2302,2021-07-14 00:00:00+05:30,1557.7764043425257,1596.3797938881332,1526.7195847002874,1554.2449951171875,1593228
2303,2021-07-15 00:00:00+05:30,1566.387139176832,1654.4298999335288,1536.9750284462273,1643.4970703125,1914233
2304,2021-07-16 00:00:00+05:30,1651.575920937849,1691.0983919368387,1617.0359955367217,1661.686279296875,1220821
2305,2021-07-19 00:00:00+05:30,1637.0148606206533,1787.8485820963879,1626.6142047390504,1719.9298095703125,2764674
2306,2021-07-20 00:00:00+05:30,1722.155104494956,1736.667647510363,1646.9317565317635,1657.0421142578125,690121
2307,2021-07-22 00:00:00+05:30,1669.910051001612,1679.2947821465361,1611.2793972812126,1623.0828857421875,382869
2308,2021-07-23 00:00:00+05:30,1628.307507049531,1636.047530850123,1584.7698731712012,1590.1878662109375,261298
2309,2021-07-26 00:00:00+05:30,1565.3712798661848,1667.9750103114402,1544.521663099321,1640.1593017578125,1076615
2310,2021-07-27 00:00:00+05:30,1648.3346347994482,1673.7800081766654,1604.1197997438794,1619.7449951171875,550927
2311,2021-07-28 00:00:00+05:30,1625.4050190899577,1625.6953172275805,1558.647312948763,1581.964111328125,401610
2312,2021-07-29 00:00:00+05:30,1581.8673289582848,1596.3798732606544,1552.4552155514716,1557.921630859375,224067
2313,2021-07-30 00:00:00+05:30,1562.5172070982526,1580.899762475879,1543.1671488060142,1551.1490478515625,212934
2314,2021-08-02 00:00:00+05:30,1560.2435673128703,1563.871703169284,1535.3303677654953,1540.2161865234375,232684
2315,2021-08-03 00:00:00+05:30,1543.1672206493693,1555.4061567096799,1524.7846644159283,1529.138427734375,182279
2316,2021-08-04 00:00:00+05:30,1540.264713189352,1543.31237113575,1496.5819309000192,1519.802001953125,251464
2317,2021-08-05 00:00:00+05:30,1527.4452529824155,1571.224760629259,1490.9220173212366,1559.276123046875,368846
2318,2021-08-06 00:00:00+05:30,1559.6146967206503,1580.706307478449,1544.3765258314752,1554.728759765625,271600
2319,2021-08-09 00:00:00+05:30,1567.1613640034163,1567.4032397468354,1515.1096567782356,1520.140625,143458
2320,2021-08-10 00:00:00+05:30,1532.524637200959,1552.7454720069265,1473.700411966033,1480.66650390625,452958
2321,2021-08-11 00:00:00+05:30,1488.0195587067885,1492.0347196282682,1440.80536681986,1471.0882568359375,250629
2322,2021-08-12 00:00:00+05:30,1478.3445798580542,1485.1171008390793,1454.253731604872,1460.881103515625,316793
2323,2021-08-13 00:00:00+05:30,1468.3791891090966,1476.9416847525779,1443.5144103807568,1454.1085205078125,310063
2324,2021-08-16 00:00:00+05:30,1455.2695604745077,1463.6384844666807,1431.4205895523999,1444.7237548828125,444345
2325,2021-08-17 00:00:00+05:30,1447.2877040558487,1451.254442578218,1429.9693774204043,1434.6617431640625,227965
2326,2021-08-18 00:00:00+05:30,1435.774344284854,1493.5826441979402,1434.8068413574383,1455.608154296875,573170
2327,2021-08-20 00:00:00+05:30,1440.6118337235373,1455.9951536210467,1431.9043075291036,1445.30419921875,242694
2328,2021-08-23 00:00:00+05:30,1453.1894730759293,1464.7510864226272,1417.4885895641048,1430.6466064453125,143944
2329,2021-08-24 00:00:00+05:30,1431.0335397933327,1443.4176243625877,1402.879228551358,1415.1181640625,360444
2330,2021-08-25 00:00:00+05:30,1426.002630694672,1443.5144105803647,1412.6027383726298,1419.0849609375,395030
2331,2021-08-26 00:00:00+05:30,1444.722472556882,1502.7519445028893,1444.722472556882,1477.7060546875,893730
2332,2021-08-27 00:00:00+05:30,1486.9749620180216,1503.7379423590737,1464.7886645078058,1470.45849609375,862614
2333,2021-08-30 00:00:00+05:30,1478.1004392218654,1541.2081297556877,1478.051088191289,1499.103515625,1291910
2334,2021-08-31 00:00:00+05:30,1514.5846848839708,1530.3616086848454,1482.0447795446667,1496.3919677734375,646102
2335,2021-09-01 00:00:00+05:30,1503.1463713003307,1505.8086789241133,1470.212020280074,1480.1219482421875,472154
2336,2021-09-02 00:00:00+05:30,1485.4959551814143,1535.2918700414616,1481.1080464747597,1523.360595703125,673067
2337,2021-09-03 00:00:00+05:30,1537.7569339791128,1602.343711263904,1533.3196744709974,1570.6912841796875,2132511
2338,2021-09-06 00:00:00+05:30,1584.594690308863,1656.5769008829434,1562.9507724000316,1620.782958984375,2177443
2339,2021-09-07 00:00:00+05:30,1623.100263116672,1656.2810071571553,1586.0737497513196,1616.0499267578125,1096202
2340,2021-09-08 00:00:00+05:30,1625.0230532755384,1643.659567462627,1594.455265258826,1605.104736328125,582565
2341,2021-09-09 00:00:00+05:30,1608.2600795620722,1645.7302714831997,1602.3437334692626,1638.3348388671875,832470
2342,2021-09-13 00:00:00+05:30,1640.8000164228883,1644.0540549874218,1600.6675160916243,1606.5838623046875,460450
2343,2021-09-14 00:00:00+05:30,1609.2462184304306,1619.1067957492444,1588.5390060609213,1591.004150390625,500442
2344,2021-09-15 00:00:00+05:30,1589.5250643687953,1605.8935986502827,1572.7620829207374,1586.9119873046875,389595
2345,2021-09-16 00:00:00+05:30,1579.762979091931,1650.6605500900207,1579.762979091931,1617.381103515625,1274055
2346,2021-09-17 00:00:00+05:30,1629.8547696502073,1631.974817744082,1560.14041918352,1573.89599609375,614108
2347,2021-09-20 00:00:00+05:30,1565.7116743532579,1593.4692223181798,1553.1887898747143,1571.332275390625,922811
2348,2021-09-21 00:00:00+05:30,1562.9014394673025,1620.09278551721,1556.0483866655668,1614.6201171875,791205
2349,2021-09-22 00:00:00+05:30,1614.1764779733176,1621.8677762906068,1591.4971505491353,1596.328857421875,270592
2350,2021-09-23 00:00:00+05:30,1597.9064522160531,1636.2147685734772,1589.1305148904678,1606.830322265625,537920
2351,2021-09-24 00:00:00+05:30,1607.2739896885055,1669.099756972735,1595.2441343547482,1636.16552734375,1529465
2352,2021-09-27 00:00:00+05:30,1655.4923534189163,1705.8798795445039,1637.891246943534,1694.293701171875,1481097
2353,2021-09-28 00:00:00+05:30,1712.782217791732,1720.0297177829796,1633.6510876951363,1655.689453125,1004959
2354,2021-09-29 00:00:00+05:30,1632.9115720677623,1658.8449380565257,1624.9737593339726,1642.525634765625,294001
2355,2021-09-30 00:00:00+05:30,1643.7582160755999,1679.1083611958725,1622.6073261696672,1635.524658203125,592261
2356,2021-10-01 00:00:00+05:30,1627.9812485511065,1654.6048062197194,1624.037017785386,1648.54052734375,319469
2357,2021-10-04 00:00:00+05:30,1657.4644649228046,1685.3205958371886,1650.7099935358237,1664.810546875,383850
2358,2021-10-05 00:00:00+05:30,1663.4792941908909,1700.8509040676677,1658.5490058263656,1664.2681884765625,525237
2359,2021-10-06 00:00:00+05:30,1663.479332046363,1743.202072641301,1654.1117839405892,1695.920654296875,1569239
2360,2021-10-07 00:00:00+05:30,1717.7125679162414,1861.6769966853408,1696.0192978277469,1794.5264892578125,2255836
2361,2021-10-08 00:00:00+05:30,1882.2855278633108,1956.3384354961706,1811.1907932679958,1895.7452392578125,4668415
2362,2021-10-11 00:00:00+05:30,1932.673148337983,2058.494210820401,1914.1352148902483,2004.3594970703125,3330243
2363,2021-10-12 00:00:00+05:30,2017.4740523616015,2094.3865528915157,1973.1014559020355,2027.2852783203125,2499613
2364,2021-10-13 00:00:00+05:30,2032.2155952535977,2051.0000428316894,1990.1603300931176,1998.0980224609375,678790
2365,2021-10-14 00:00:00+05:30,1998.0979641703836,2105.2331556251697,1986.9062335291417,2038.9207763671875,1461713
2366,2021-10-18 00:00:00+05:30,1991.8859623655967,2038.1813245657859,1898.802088732652,1950.668701171875,1932333
2367,2021-10-19 00:00:00+05:30,1975.9610752063868,2031.0323744052118,1900.1332130010162,1916.1072998046875,1093812
2368,2021-10-20 00:00:00+05:30,1908.0709663853133,1939.0824323479803,1868.5793080597114,1901.0206298828125,599867
2369,2021-10-21 00:00:00+05:30,1913.4450019144526,1926.6581994102628,1836.0394710459732,1853.1968994140625,546599
2370,2021-10-22 00:00:00+05:30,1863.6490186737806,1896.0409894484842,1758.091495685677,1768.740966796875,850075
2371,2021-10-25 00:00:00+05:30,1677.2840911056455,1717.2687776388445,1633.8482027388961,1649.280029296875,1263153
2372,2021-10-26 00:00:00+05:30,1641.7860266427012,1703.0201841032688,1617.5290319443566,1688.1307373046875,1240982
2373,2021-10-27 00:00:00+05:30,1705.8798238537288,1708.8379969586774,1652.6820589970841,1672.551025390625,581680
2374,2021-10-28 00:00:00+05:30,1681.0311565860836,1681.0311565860836,1622.1142110621427,1629.5096435546875,570244
2375,2021-10-29 00:00:00+05:30,1614.1764964405263,1698.237917528831,1609.4433712113716,1679.995849609375,666891
2376,2021-11-01 00:00:00+05:30,1681.1790682677174,1728.5098390163746,1676.7418085100308,1698.2379150390625,582431
2377,2021-11-02 00:00:00+05:30,1701.5904452776936,1745.3220789448121,1699.9634260456814,1728.70703125,386401
2378,2021-11-03 00:00:00+05:30,1726.7349743746586,1768.0508162923848,1725.8474983663864,1735.95458984375,598035
2379,2021-11-04 00:00:00+05:30,1740.3917854581039,1763.860006123243,1738.4690211512623,1751.3863525390625,95205
2380,2021-11-08 00:00:00+05:30,1752.9147410790881,1809.8103431073712,1735.9545966322453,1803.1051025390625,600203
2381,2021-11-09 00:00:00+05:30,1807.246652126361,1820.361147688466,1786.0956416385584,1813.1136474609375,237622
2382,2021-11-10 00:00:00+05:30,1805.4716782747726,1952.3942779814581,1800.7879041230494,1907.5780029296875,2084656
2383,2021-11-11 00:00:00+05:30,1914.9240152330347,1938.145721752544,1876.4677656995184,1925.573486328125,437226
2384,2021-11-12 00:00:00+05:30,1927.7427654398914,1942.3856979221164,1898.161035023934,1921.4813232421875,315841
2385,2021-11-15 00:00:00+05:30,1924.0944603509106,1981.9759998611994,1924.0944603509106,1942.53369140625,873468
2386,2021-11-16 00:00:00+05:30,1976.8977520151439,1993.759314579432,1901.1192419878003,1909.500732421875,1018906
2387,2021-11-17 00:00:00+05:30,1902.894155233901,1909.0076646904176,1835.4477859821154,1845.8013916015625,447845
2388,2021-11-18 00:00:00+05:30,1842.991177107568,1854.626585650426,1764.155792422797,1786.785888671875,519962
2389,2021-11-22 00:00:00+05:30,1790.6807584854,1804.485566094869,1694.096456250785,1701.7384033203125,574566
2390,2021-11-23 00:00:00+05:30,1700.9001496345402,1743.793658781769,1682.214404716601,1720.670654296875,484059
2391,2021-11-24 00:00:00+05:30,1725.6009557827551,1739.6522778512717,1681.2283597769128,1689.1168212890625,398659
2392,2021-11-25 00:00:00+05:30,1686.208057555779,1701.2454378332438,1668.40966750625,1696.3643798828125,467830
2393,2021-11-26 00:00:00+05:30,1677.284191087694,1695.5262590095765,1637.0529877396516,1641.9832763671875,289907
2394,2021-11-29 00:00:00+05:30,1642.7721855097536,1653.6188205881494,1585.1371590814467,1608.5560302734375,411241
2395,2021-11-30 00:00:00+05:30,1622.0649184566826,1666.4375150102087,1557.9711678793667,1576.755615234375,504982
2396,2021-12-01 00:00:00+05:30,1597.4135294869784,1598.8432650542923,1555.6046574810514,1564.5777587890625,472206
2397,2021-12-02 00:00:00+05:30,1569.8038156140478,1636.8557373865071,1530.4600903827104,1619.94482421875,1292589
2398,2021-12-03 00:00:00+05:30,1636.855756183918,1643.560996585513,1592.4831603837515,1597.758544921875,791403
2399,2021-12-06 00:00:00+05:30,1606.2879769379597,1638.8278807065003,1566.3526404947509,1574.734130859375,874200
2400,2021-12-07 00:00:00+05:30,1595.441361129293,1614.620135277349,1577.8402552300638,1600.6181640625,318460
2401,2021-12-08 00:00:00+05:30,1617.1345679922463,1731.4186752551277,1608.260049021557,1680.1436767578125,2473823
2402,2021-12-09 00:00:00+05:30,1692.0749862766568,1733.489409017694,1677.3334720435641,1722.1990966796875,948558
2403,2021-12-10 00:00:00+05:30,1722.6428485285285,1754.985590111331,1706.1263816064604,1711.6976318359375,841579
2404,2021-12-13 00:00:00+05:30,1725.6009303893059,1746.7025886974545,1698.5336953714038,1710.119873046875,657754
2405,2021-12-14 00:00:00+05:30,1700.9495351440469,1783.630449343896,1691.3354725541021,1762.72607421875,1024635
2406,2021-12-15 00:00:00+05:30,1778.8481358030194,1808.3805165178094,1725.9461147859786,1734.0318603515625,1634262
2407,2021-12-16 00:00:00+05:30,1739.6522390698417,1754.8867818782148,1663.5286353219406,1685.4190673828125,686911
2408,2021-12-17 00:00:00+05:30,1685.1725894268006,1685.1725894268006,1612.2043204873137,1617.1839599609375,584540
2409,2021-12-20 00:00:00+05:30,1581.6858884030662,1587.5035324889743,1477.7060325998827,1532.2843017578125,930708
2410,2021-12-21 00:00:00+05:30,1543.180337209024,1573.7481266361674,1518.5782451561404,1532.7281494140625,469614
2411,2021-12-22 00:00:00+05:30,1568.8177688464143,1609.7391625655382,1540.8630576926864,1586.5174560546875,705832
2412,2021-12-23 00:00:00+05:30,1593.4693007694107,1602.9847819918637,1568.3741795451142,1572.4169921875,317407
2413,2021-12-24 00:00:00+05:30,1577.692330488383,1592.138099963092,1553.040887824502,1559.69677734375,248701
2414,2021-12-27 00:00:00+05:30,1555.9497350408058,1585.5808177486954,1538.348628768203,1568.8671875,224242
2415,2021-12-28 00:00:00+05:30,1592.483168289584,1619.1067259018555,1582.62259139615,1600.8153076171875,490073
2416,2021-12-29 00:00:00+05:30,1605.3018902234128,1611.267587287131,1577.6922754038455,1580.058837890625,211874
2417,2021-12-30 00:00:00+05:30,1587.3063659163101,1587.3063659163101,1542.1942266147594,1546.7794189453125,345443
2418,2021-12-31 00:00:00+05:30,1548.110591010634,1573.748091243931,1548.110591010634,1560.732177734375,276595
2419,2022-01-03 00:00:00+05:30,1563.8875265823826,1600.3716618179112,1563.8875265823826,1595.1455078125,418212
2420,2022-01-04 00:00:00+05:30,1597.4135222333218,1621.473354913474,1582.770589019858,1603.280517578125,433836
2421,2022-01-05 00:00:00+05:30,1597.4135096308262,1610.281611050202,1576.3612013399218,1586.7640380859375,364277
2422,2022-01-06 00:00:00+05:30,1571.7759218157635,1605.9428440644158,1568.0288545323438,1593.0255126953125,353395
2423,2022-01-07 00:00:00+05:30,1610.675902246134,1610.675902246134,1583.6086665229625,1590.905517578125,216641
2424,2022-01-10 00:00:00+05:30,1595.1949002965027,1602.2452371732193,1578.8263659743059,1582.4747314453125,399532
2425,2022-01-11 00:00:00+05:30,1585.5807563339374,1587.552871702512,1555.9990258053192,1565.711669921875,347850
2426,2022-01-12 00:00:00+05:30,1577.69225871946,1583.6086046896578,1552.6957210690468,1559.7952880859375,257091
2427,2022-01-13 00:00:00+05:30,1568.3247169907636,1604.3158217818122,1561.077217222952,1589.2784423828125,592708
2428,2022-01-14 00:00:00+05:30,1587.552917287358,1632.8622210340175,1579.2700084278363,1602.6396484375,762999
2429,2022-01-17 00:00:00+05:30,1609.2462130519384,1615.6555882877458,1588.8348662175636,1593.56787109375,202898
2430,2022-01-18 00:00:00+05:30,1597.2163399915999,1604.069392985328,1538.3979730308342,1545.69482421875,387355
2431,2022-01-19 00:00:00+05:30,1545.842616990255,1571.7759827960328,1528.2908620508208,1557.8232421875,426572
2432,2022-01-20 00:00:00+05:30,1553.1395074003572,1574.7341957742553,1543.180348394934,1547.37109375,243226
2433,2022-01-21 00:00:00+05:30,1534.305808839717,1555.1609536440858,1505.8087167226824,1511.7744140625,372057
2434,2022-01-24 00:00:00+05:30,1513.1055923449742,1518.1344627131102,1441.6164066525591,1457.1961669921875,546015
2435,2022-01-25 00:00:00+05:30,1453.2519061413373,1529.2769317700215,1444.8704155775233,1512.464599609375,671339
2436,2022-01-27 00:00:00+05:30,1498.8077169761698,1539.236083026185,1493.8774284334852,1533.2703857421875,715431
2437,2022-01-28 00:00:00+05:30,1555.0130344156246,1586.4682999590893,1530.3615912574821,1536.1300048828125,502216
2438,2022-01-31 00:00:00+05:30,1538.250070915263,1557.1331006671608,1508.7669204823785,1516.162353515625,399431
2439,2022-02-01 00:00:00+05:30,1523.311257519136,1543.0817631192717,1493.8774584025043,1513.7957763671875,444745
2440,2022-02-02 00:00:00+05:30,1525.4312734493913,1543.0817304867012,1514.5846386672688,1519.465576171875,389678
2441,2022-02-03 00:00:00+05:30,1512.6124753334263,1514.436657960774,1437.6720919401143,1446.7437744140625,1282971
2442,2022-02-04 00:00:00+05:30,1439.644284957434,1447.0397179281056,1401.1880335099409,1407.9425048828125,1709407
2443,2022-02-07 00:00:00+05:30,1405.0828452065136,1405.0828452065136,1365.887052364087,1379.7412109375,906789
2444,2022-02-08 00:00:00+05:30,1388.319837862951,1414.0066881201515,1375.5997903105388,1404.8363037109375,491958
2445,2022-02-09 00:00:00+05:30,1412.2318313339752,1438.461063220215,1410.1119035113138,1423.9659423828125,426870
2446,2022-02-10 00:00:00+05:30,1431.7557702869287,1441.6163472172796,1403.1600971889115,1432.0516357421875,303268
2447,2022-02-11 00:00:00+05:30,1419.0355557849925,1422.8812047363317,1386.9886818044445,1391.031494140625,398727
2448,2022-02-14 00:00:00+05:30,1369.6341487411858,1395.2716490055996,1343.059941806767,1354.3009033203125,386143
2449,2022-02-15 00:00:00+05:30,1354.843255780623,1380.8258516413155,1317.3237128134406,1365.59130859375,517877
2450,2022-02-16 00:00:00+05:30,1377.325399551866,1429.6850376772045,1347.9408328822863,1401.927490234375,696772
2451,2022-02-17 00:00:00+05:30,1401.187983710755,1426.7269020688123,1390.3413490726,1397.7861328125,358136
2452,2022-02-18 00:00:00+05:30,1392.313492629459,1411.8867141851715,1379.5933240409684,1382.403564453125,242667
2453,2022-02-21 00:00:00+05:30,1375.5505431758468,1390.242827531472,1352.1316719210608,1356.96337890625,350381
2454,2022-02-22 00:00:00+05:30,1306.5264290692394,1329.8467173296963,1267.084121776583,1297.4053955078125,1372498
2455,2022-02-23 00:00:00+05:30,1308.4985431215082,1318.5070526606557,1270.0916445811524,1275.416259765625,473025
2456,2022-02-24 00:00:00+05:30,1231.5860130546534,1231.5860130546534,1148.7571699028595,1162.611328125,1712462
2457,2022-02-25 00:00:00+05:30,1202.9904376159418,1252.1947427035807,1184.2553406366771,1245.489501953125,844213
2458,2022-02-28 00:00:00+05:30,1229.7125865931735,1260.1324438755018,1211.5198693914717,1254.511962890625,373324
2459,2022-03-02 00:00:00+05:30,1254.2654397988695,1379.1989067635607,1233.410294615331,1347.250732421875,1940344
2460,2022-03-03 00:00:00+05:30,1378.4101253927943,1378.4101253927943,1328.3676955752499,1340.101806640625,527498
2461,2022-03-04 00:00:00+05:30,1322.4512861634366,1327.2336418542448,1238.587032043055,1247.116455078125,1449865
2462,2022-03-07 00:00:00+05:30,1227.3953580570303,1271.1763452941775,1207.9207179111163,1236.467041015625,1453853
2463,2022-03-08 00:00:00+05:30,1252.145387035488,1252.145387035488,1190.7632932121662,1220.0985107421875,1897416
2464,2022-03-09 00:00:00+05:30,1237.4038800068288,1249.8281834371442,1221.7255378924035,1245.1444091796875,1039370
2465,2022-03-10 00:00:00+05:30,1278.9167902604656,1320.774889951636,1255.744435155515,1310.22412109375,1232720
2466,2022-03-11 00:00:00+05:30,1306.033436355934,1399.856851497383,1298.3421380737595,1369.2890625,2064491
2467,2022-03-14 00:00:00+05:30,1376.339405306199,1407.3015212301477,1370.1271935608409,1386.4957275390625,875466
2468,2022-03-15 00:00:00+05:30,1399.2158221621191,1399.2158221621191,1332.6569299873884,1350.8004150390625,700302
2469,2022-03-16 00:00:00+05:30,1361.154122285321,1399.0187634057413,1361.154122285321,1393.1024169921875,749522
2470,2022-03-17 00:00:00+05:30,1401.6810559866904,1413.9574265147075,1388.9116565962086,1406.75927734375,549522
2471,2022-03-21 00:00:00+05:30,1410.062525305863,1434.7139680559653,1393.891154788121,1419.23291015625,619881
2472,2022-03-22 00:00:00+05:30,1425.8393905548278,1428.4524674535153,1390.3413144414296,1399.7088623046875,486754
2473,2022-03-23 00:00:00+05:30,1403.7517230260455,1418.937035737916,1375.5504967716417,1382.2557373046875,290000
2474,2022-03-24 00:00:00+05:30,1380.4807959118498,1405.13223869599,1380.4807959118498,1402.8642578125,248408
2475,2022-03-25 00:00:00+05:30,1419.9230327707035,1467.0566371447444,1404.7870717381056,1423.078369140625,1745667
2476,2022-03-28 00:00:00+05:30,1431.3613640423607,1431.3613640423607,1400.2513151590445,1409.322998046875,333774
2477,2022-03-29 00:00:00+05:30,1419.92307775528,1426.3324527590364,1395.2716354331396,1401.878173828125,325455
2478,2022-03-30 00:00:00+05:30,1410.0624798141646,1424.8533449870406,1405.132191423206,1414.351806640625,276833
2479,2022-03-31 00:00:00+05:30,1417.950981452418,1423.2263661066786,1390.3413656800483,1395.71533203125,307344
2480,2022-04-01 00:00:00+05:30,1395.2716575126967,1433.7279081437887,1395.2716575126967,1423.324951171875,318300
2481,2022-04-04 00:00:00+05:30,1430.7696664818723,1444.5744737394507,1422.486758053652,1431.2626953125,300127
2482,2022-04-05 00:00:00+05:30,1434.7140031861643,1466.2678506789184,1432.0023444172557,1441.1727294921875,609678
2483,2022-04-06 00:00:00+05:30,1442.2573660692933,1472.9730885008555,1439.6442890053004,1449.35693359375,423900
2484,2022-04-07 00:00:00+05:30,1449.5047879671833,1465.0351964096888,1430.8190430995799,1440.43310546875,271513
2485,2022-04-08 00:00:00+05:30,1442.750342599147,1453.7449099879693,1436.686063692454,1447.384765625,147809
2486,2022-04-11 00:00:00+05:30,1448.2721991887463,1449.504771273162,1416.422488380091,1420.1695556640625,220640
2487,2022-04-12 00:00:00+05:30,1427.811498025093,1427.811498025093,1384.671475208382,1392.5599365234375,215199
2488,2022-04-13 00:00:00+05:30,1403.3080049364396,1411.4922114219223,1362.3866114039204,1382.6500244140625,325801
2489,2022-04-18 00:00:00+05:30,1376.536593515229,1379.0017378445903,1348.0888520280773,1361.7457275390625,164929
2490,2022-04-19 00:00:00+05:30,1370.6202499709486,1378.558062875325,1302.9767135064892,1319.64111328125,469976
2491,2022-04-20 00:00:00+05:30,1326.2475735884284,1347.6943280312153,1308.4985354288806,1324.52197265625,180019
2492,2022-04-21 00:00:00+05:30,1333.1499688795511,1376.043477493649,1333.1499688795511,1367.6619873046875,360029
2493,2022-04-22 00:00:00+05:30,1355.8787055317982,1390.1934417009993,1355.8787055317982,1364.851806640625,218461
2494,2022-04-25 00:00:00+05:30,1360.5624123790878,1360.5624123790878,1327.5787113107333,1340.3974609375,214010
2495,2022-04-26 00:00:00+05:30,1350.849720243153,1364.6052976060053,1341.2850085427795,1348.1380615234375,147424
2496,2022-04-27 00:00:00+05:30,1341.038504641864,1345.9687932618708,1322.303407885838,1331.079345703125,95207
2497,2022-04-28 00:00:00+05:30,1343.9966811954284,1370.5708887767776,1306.5264875890996,1366.528076171875,294741
2498,2022-04-29 00:00:00+05:30,1368.6480576719514,1418.9369992722898,1367.6619999935133,1410.2596435546875,971611
2499,2022-05-02 00:00:00+05:30,1404.0968667784462,1418.7891511368184,1362.9289562491774,1410.6541748046875,559009
2500,2022-05-04 00:00:00+05:30,1414.8941917642953,1422.8812349136292,1331.2272215327566,1339.510009765625,226196
2501,2022-05-05 00:00:00+05:30,1350.9976865647584,1355.8293935682404,1285.3756161370816,1290.6510009765625,288004
2502,2022-05-06 00:00:00+05:30,1275.9587074451063,1275.9587074451063,1237.502455829682,1251.80029296875,340959
2503,2022-05-09 00:00:00+05:30,1242.4327551800272,1242.4327551800272,1201.0676810418206,1224.6837158203125,289412
2504,2022-05-10 00:00:00+05:30,1218.6687753962178,1231.5367565814222,1178.3389900723673,1184.3046875,251782
2505,2022-05-11 00:00:00+05:30,1193.0804741993325,1194.806075186238,1146.3414351915528,1177.697998046875,302712
2506,2022-05-12 00:00:00+05:30,1172.4225499150668,1172.4225499150668,1133.9663014317298,1142.8408203125,268207
2507,2022-05-13 00:00:00+05:30,1148.8558536557637,1181.7902063846302,1129.1346987724157,1134.8538818359375,487442
2508,2022-05-16 00:00:00+05:30,1133.9663630537577,1182.283190696918,1127.0639591047347,1161.674560546875,332591
2509,2022-05-17 00:00:00+05:30,1221.7254342692327,1257.22350984122,1148.954331199312,1195.0032958984375,2350505
2510,2022-05-18 00:00:00+05:30,1202.9904400156913,1288.777463197138,1197.0740935893846,1273.09912109375,1538744
2511,2022-05-19 00:00:00+05:30,1227.6418022337268,1264.1259361153718,1227.6418022337268,1254.8077392578125,464841
2512,2022-05-20 00:00:00+05:30,1271.8173260113485,1298.5886974589384,1254.9064116326897,1276.1558837890625,465309
2513,2022-05-23 00:00:00+05:30,1279.9029092381143,1290.7001930292531,1261.0692310263898,1269.0562744140625,277198
2514,2022-05-24 00:00:00+05:30,1270.0423201296933,1270.8312144386132,1248.644916144422,1258.5054931640625,186597
2515,2022-05-25 00:00:00+05:30,1265.75294432392,1268.5138335617871,1214.4779458017272,1223.796142578125,183374
2516,2022-05-26 00:00:00+05:30,1226.6557373336143,1258.1602316362746,1193.4748727765998,1243.566650390625,362750
2517,2022-05-27 00:00:00+05:30,1247.560144571759,1257.4207214980877,1232.6706974866768,1245.7359619140625,163556
2518,2022-05-30 00:00:00+05:30,1256.237503693675,1281.8750037690563,1252.8356527925596,1277.437744140625,220059
2519,2022-05-31 00:00:00+05:30,1280.8890041673799,1372.5923739807488,1272.0144845080215,1352.526123046875,883925
2520,2022-06-01 00:00:00+05:30,1352.8711176948061,1359.7241703258694,1309.4845803926403,1319.936767578125,346210
2521,2022-06-02 00:00:00+05:30,1311.4567056759886,1327.9731717061186,1302.6807683086938,1318.9014892578125,137735
2522,2022-06-03 00:00:00+05:30,1322.6978098388972,1354.3008865919137,1317.373074237616,1324.3248291015625,255403
2523,2022-06-06 00:00:00+05:30,1320.4791695109202,1326.1490011849405,1298.7859004972777,1313.4288330078125,144139
2524,2022-06-07 00:00:00+05:30,1309.3860611952864,1313.1330082837453,1280.1987769635166,1290.7001953125,105244
2525,2022-06-08 00:00:00+05:30,1289.7634600783585,1313.6260080578425,1282.2200946670703,1296.02490234375,110976
2526,2022-06-09 00:00:00+05:30,1291.7356180664433,1321.3173497778887,1282.0229735615271,1297.158935546875,195666
2527,2022-06-10 00:00:00+05:30,1286.8052672529068,1296.6658440134654,1259.2450033544926,1278.3251953125,167515
2528,2022-06-13 00:00:00+05:30,1263.731537169941,1266.443195872672,1219.6054546436835,1227.2967529296875,165130
2529,2022-06-14 00:00:00+05:30,1222.711561628009,1261.1678123566317,1221.4789894892708,1245.1937255859375,178230
2530,2022-06-15 00:00:00+05:30,1250.2717623050605,1266.8375791464412,1246.426233724353,1262.4989013671875,130475
2531,2022-06-16 00:00:00+05:30,1276.8954184479053,1288.97462572679,1218.1264013932919,1223.50048828125,216119
2532,2022-06-17 00:00:00+05:30,1211.8649122571348,1247.3629894265873,1191.1577005749543,1200.722412109375,275899
2533,2022-06-20 00:00:00+05:30,1211.8649713151444,1211.8649713151444,1136.826000826507,1154.2791748046875,306189
2534,2022-06-21 00:00:00+05:30,1175.4301727239813,1237.9461369117755,1154.6736092271587,1229.466064453125,617930
2535,2022-06-22 00:00:00+05:30,1228.6279541076494,1242.0876664426166,1204.0750921067827,1209.843505859375,226833
2536,2022-06-23 00:00:00+05:30,1218.7673043453515,1243.4187465853463,1199.4405977028694,1218.1263427734375,132410
2537,2022-06-24 00:00:00+05:30,1228.23344622561,1266.4431820750779,1228.23344622561,1258.8505859375,210289
2538,2022-06-27 00:00:00+05:30,1281.8750152349844,1288.136457581881,1254.7090773416942,1264.1259765625,168357
2539,2022-06-28 00:00:00+05:30,1260.8719041534684,1261.167769604085,1229.9097893726605,1255.990966796875,177586
2540,2022-06-29 00:00:00+05:30,1242.4326671260408,1294.496560372003,1236.9599988973048,1256.68115234375,396538
2541,2022-06-30 00:00:00+05:30,1305.540385447094,1314.6614191067508,1247.3629815638774,1289.714111328125,1794931
2542,2022-07-01 00:00:00+05:30,1287.7419932147438,1305.98406049542,1257.7165846757905,1268.0701904296875,433916
2543,2022-07-04 00:00:00+05:30,1268.0208938680407,1284.8332263665418,1262.1538985028194,1267.82373046875,125101
2544,2022-07-05 00:00:00+05:30,1268.070143100457,1300.6100456839056,1268.070143100457,1285.5233154296875,303379
2545,2022-07-06 00:00:00+05:30,1285.4742008570554,1317.8661736439897,1274.874080118804,1292.1793212890625,348333
2546,2022-07-07 00:00:00+05:30,1299.6240739441496,1311.4567665749007,1286.8053235941695,1291.883544921875,166213
2547,2022-07-08 00:00:00+05:30,1301.5962085648814,1309.2875070355697,1280.938347189933,1285.720703125,185545
2548,2022-07-11 00:00:00+05:30,1283.8470944866888,1298.6379596305446,1276.796758027777,1294.3486328125,136280
2549,2022-07-12 00:00:00+05:30,1290.7495269958097,1334.6290945674778,1285.6220751123117,1316.9786376953125,424792
2550,2022-07-13 00:00:00+05:30,1331.0299389416452,1331.0299389416452,1303.0258766788133,1309.336669921875,171172
2551,2022-07-14 00:00:00+05:30,1311.4566925898882,1323.2893845531053,1299.2789045180841,1318.408447265625,165021
2552,2022-07-15 00:00:00+05:30,1319.6410484107926,1331.128524150072,1308.4985484193312,1325.0150146484375,148668
2553,2022-07-18 00:00:00+05:30,1326.740594785877,1343.010546338435,1323.8810034696326,1337.4886474609375,154988
2554,2022-07-19 00:00:00+05:30,1334.1360659590505,1348.72976804298,1329.0578447385253,1344.933349609375,211207
2555,2022-07-20 00:00:00+05:30,1359.7736037326388,1390.3413932291667,1347.4478821614582,1386.6436767578125,536465
2556,2022-07-21 00:00:00+05:30,1395.1731204046241,1413.3166068943638,1392.4121105852637,1406.2169189453125,677605
2557,2022-07-22 00:00:00+05:30,1408.0904516695816,1411.7881681918232,1389.4047056578715,1402.469970703125,236683
2558,2022-07-25 00:00:00+05:30,1401.5824674547218,1401.5824674547218,1380.5793898687791,1383.5869140625,167970
2559,2022-07-26 00:00:00+05:30,1381.2696869918095,1387.679062100668,1372.690912702006,1375.254638671875,112435
2560,2022-07-27 00:00:00+05:30,1375.254582390746,1383.389558157534,1372.099245998248,1377.7197265625,129148
2561,2022-07-28 00:00:00+05:30,1384.4250460039143,1384.4250460039143,1364.210862639897,1368.7467041015625,280963
2562,2022-07-29 00:00:00+05:30,1384.4250581011509,1392.7571978034832,1365.6899611610354,1377.424072265625,237385
2563,2022-08-01 00:00:00+05:30,1383.4389766103272,1383.4389766103272,1298.6873640023969,1304.159912109375,930192
2564,2022-08-02 00:00:00+05:30,1304.4557481682382,1315.8446423190442,1291.8341615308977,1301.6455078125,362140
2565,2022-08-03 00:00:00+05:30,1301.6947204937342,1309.4352492151927,1292.7216196711402,1299.6240234375,227390
2566,2022-08-04 00:00:00+05:30,1307.5124646831318,1307.6110463760256,1273.4441241867635,1281.92431640625,218861
2567,2022-08-05 00:00:00+05:30,1286.8053064233236,1298.4408355023163,1264.81617143058,1269.7464599609375,209331
2568,2022-08-08 00:00:00+05:30,1269.1056240136556,1280.6424510752229,1262.1538690096518,1267.1827392578125,174848
2569,2022-08-10 00:00:00+05:30,1267.1827498398836,1274.0851538686713,1258.3082303742997,1262.0552978515625,168211
2570,2022-08-11 00:00:00+05:30,1268.0702570097342,1303.3218213084108,1265.1120837818733,1296.271484375,622423
2571,2022-08-12 00:00:00+05:30,1301.5961486183985,1307.9561725608903,1293.9542015337072,1300.462158203125,264964
2572,2022-08-16 00:00:00+05:30,1306.5264509524236,1326.247604929064,1286.8052969757832,1294.9896240234375,554983
2573,2022-08-17 00:00:00+05:30,1301.5961706400544,1316.9786467648535,1299.3281897711358,1309.9776611328125,427790
2574,2022-08-18 00:00:00+05:30,1309.9776835586674,1333.9881650135237,1301.64554395587,1327.332275390625,462545
2575,2022-08-19 00:00:00+05:30,1331.17785046576,1350.8990038059935,1292.9187648383602,1301.6947021484375,883951
2576,2022-08-22 00:00:00+05:30,1301.5961324757543,1301.5961324757543,1252.2932486698544,1258.2095947265625,429354
2577,2022-08-23 00:00:00+05:30,1251.3072475828371,1295.9263594450306,1249.3351321414143,1289.6649169921875,408104
2578,2022-08-24 00:00:00+05:30,1289.4675482727914,1295.0387981014342,1272.0143759134187,1277.339111328125,238076
2579,2022-08-25 00:00:00+05:30,1281.874967813954,1296.961698274804,1267.0841028007162,1271.5213623046875,388540
2580,2022-08-26 00:00:00+05:30,1276.9447300990344,1287.4954994127354,1261.1678067927915,1263.7808837890625,208295
2581,2022-08-29 00:00:00+05:30,1235.5303206801539,1261.1678213486964,1233.558205244112,1240.066162109375,191012
2582,2022-08-30 00:00:00+05:30,1253.279349140125,1281.825671691129,1244.404829752036,1271.27490234375,450183
2583,2022-09-01 00:00:00+05:30,1261.4143074339797,1280.888946927293,1258.94916319432,1269.25341796875,182259
2584,2022-09-02 00:00:00+05:30,1274.6766812800429,1276.94466203177,1257.2235089501983,1259.442138671875,136060
2585,2022-09-05 00:00:00+05:30,1270.0423038890526,1270.0423038890526,1243.4187462764717,1254.265380859375,166319
2586,2022-09-06 00:00:00+05:30,1256.2374735522353,1269.5492521181343,1247.362954508303,1248.842041015625,200137
2587,2022-09-07 00:00:00+05:30,1248.8420897286799,1273.9372103011056,1242.4327146136097,1255.25146484375,323610
2588,2022-09-08 00:00:00+05:30,1262.1538707456227,1270.4367795960654,1248.7927406071772,1253.0328369140625,206284
2589,2022-09-09 00:00:00+05:30,1257.2235660822162,1260.871931420753,1229.1702726962008,1248.792724609375,444384
2590,2022-09-12 00:00:00+05:30,1252.194736776092,1262.0553140869229,1248.8421164167344,1252.1453857421875,254943
2591,2022-09-13 00:00:00+05:30,1257.2235558303666,1290.5523539283552,1253.772353912401,1268.0701904296875,472659
2592,2022-09-14 00:00:00+05:30,1252.2932453469389,1261.9566586946012,1243.3693752544027,1258.5546875,320078
2593,2022-09-15 00:00:00+05:30,1261.167797344213,1280.8889513292672,1253.5752012073158,1274.8740234375,288459
2594,2022-09-16 00:00:00+05:30,1268.0701671502527,1280.8889168959397,1223.5004084895197,1230.5999755859375,618254
2595,2022-09-19 00:00:00+05:30,1247.9000244140625,1253.0,1212.199951171875,1226.199951171875,320684
2596,2022-09-20 00:00:00+05:30,1235.0,1305.0,1235.0,1284.25,1201462
2597,2022-09-21 00:00:00+05:30,1286.0,1311.0,1284.25,1288.9000244140625,659726
2598,2022-09-22 00:00:00+05:30,1282.0,1302.0,1261.0,1294.6500244140625,477667
2599,2022-09-23 00:00:00+05:30,1294.6500244140625,1294.6500244140625,1246.300048828125,1261.949951171875,367734
2600,2022-09-26 00:00:00+05:30,1258.0,1258.0,1220.050048828125,1238.25,304269
2601,2022-09-27 00:00:00+05:30,1240.0,1242.300048828125,1197.0,1201.0999755859375,352331
2602,2022-09-28 00:00:00+05:30,1199.949951171875,1208.0,1156.0,1164.800048828125,753707
2603,2022-09-29 00:00:00+05:30,1175.9000244140625,1197.800048828125,1163.25,1180.8499755859375,409196
2604,2022-09-30 00:00:00+05:30,1185.5,1222.0,1184.949951171875,1218.75,304797
2605,2022-10-03 00:00:00+05:30,1241.0,1260.5999755859375,1220.0999755859375,1247.0999755859375,613863
2606,2022-10-04 00:00:00+05:30,1260.0,1277.0,1252.699951171875,1274.0,405066
2607,2022-10-06 00:00:00+05:30,1276.5,1320.5,1276.0,1315.75,570726
2608,2022-10-07 00:00:00+05:30,1314.9000244140625,1338.0,1299.949951171875,1330.9000244140625,444063
2609,2022-10-10 00:00:00+05:30,1319.449951171875,1326.3499755859375,1308.050048828125,1322.6500244140625,285539
2610,2022-10-11 00:00:00+05:30,1321.699951171875,1328.25,1299.5,1303.550048828125,143912
2611,2022-10-12 00:00:00+05:30,1296.300048828125,1328.5,1295.5999755859375,1325.25,406451
2612,2022-10-13 00:00:00+05:30,1325.25,1330.800048828125,1310.0,1318.0999755859375,226789
2613,2022-10-14 00:00:00+05:30,1328.4000244140625,1348.0,1306.949951171875,1311.25,328673
2614,2022-10-17 00:00:00+05:30,1302.0,1319.1500244140625,1296.0999755859375,1304.699951171875,110331
2615,2022-10-18 00:00:00+05:30,1311.25,1323.9000244140625,1298.4000244140625,1313.3499755859375,208053
2616,2022-10-19 00:00:00+05:30,1319.949951171875,1347.0,1314.9000244140625,1336.6500244140625,232131
2617,2022-10-20 00:00:00+05:30,1325.0,1342.25,1320.0,1329.4000244140625,118809
2618,2022-10-21 00:00:00+05:30,1330.0999755859375,1343.9000244140625,1312.550048828125,1317.800048828125,146108
2619,2022-10-24 00:00:00+05:30,1370.0,1388.0,1352.25,1369.050048828125,381964
2620,2022-10-25 00:00:00+05:30,1377.9000244140625,1502.0,1376.0,1495.25,5138996
2621,2022-10-27 00:00:00+05:30,1505.0,1521.0999755859375,1470.5999755859375,1512.75,1284122
2622,2022-10-28 00:00:00+05:30,1513.25,1514.0,1483.699951171875,1507.550048828125,465648
2623,2022-10-31 00:00:00+05:30,1512.0,1539.800048828125,1512.0,1536.3499755859375,538668
2624,2022-11-01 00:00:00+05:30,1539.0,1542.4000244140625,1510.050048828125,1517.0,307801
2625,2022-11-02 00:00:00+05:30,1515.0,1519.9000244140625,1482.300048828125,1492.050048828125,276986
2626,2022-11-03 00:00:00+05:30,1486.0,1515.0,1460.050048828125,1502.800048828125,317179
2627,2022-11-04 00:00:00+05:30,1503.0,1513.4000244140625,1490.3499755859375,1498.3499755859375,121051
2628,2022-11-07 00:00:00+05:30,1510.0,1549.8499755859375,1502.949951171875,1535.5999755859375,568964
2629,2022-11-09 00:00:00+05:30,1544.550048828125,1554.0,1509.25,1518.550048828125,275531
2630,2022-11-10 00:00:00+05:30,1511.0,1526.5999755859375,1490.0,1494.1500244140625,167675
2631,2022-11-11 00:00:00+05:30,1506.800048828125,1539.0,1506.800048828125,1526.5,378786
2632,2022-11-14 00:00:00+05:30,1522.0,1532.550048828125,1497.9000244140625,1514.800048828125,203473
2633,2022-11-15 00:00:00+05:30,1522.0,1564.5,1510.5999755859375,1539.699951171875,500169
2634,2022-11-16 00:00:00+05:30,1540.75,1564.4000244140625,1514.1500244140625,1524.5999755859375,352246
2635,2022-11-17 00:00:00+05:30,1525.0,1532.0,1507.050048828125,1520.5999755859375,115022
2636,2022-11-18 00:00:00+05:30,1524.949951171875,1526.9000244140625,1480.5999755859375,1497.550048828125,400171
2637,2022-11-21 00:00:00+05:30,1491.800048828125,1519.300048828125,1491.800048828125,1503.5,149559
2638,2022-11-22 00:00:00+05:30,1504.9000244140625,1512.199951171875,1485.75,1506.0999755859375,108173
2639,2022-11-23 00:00:00+05:30,1515.0,1553.0,1505.050048828125,1543.1500244140625,521008
2640,2022-11-24 00:00:00+05:30,1546.949951171875,1577.5,1532.0999755859375,1537.300048828125,634544
2641,2022-11-25 00:00:00+05:30,1537.300048828125,1563.9000244140625,1534.0,1560.8499755859375,260044
2642,2022-11-28 00:00:00+05:30,1562.5999755859375,1578.0,1558.75,1572.5,212209
2643,2022-11-29 00:00:00+05:30,1580.0,1589.199951171875,1556.5,1567.5999755859375,242306
2644,2022-11-30 00:00:00+05:30,1565.0,1566.5999755859375,1552.0,1562.3499755859375,164554
2645,2022-12-01 00:00:00+05:30,1569.800048828125,1583.0,1565.199951171875,1573.8499755859375,205275
2646,2022-12-02 00:00:00+05:30,1565.0,1579.0,1549.550048828125,1560.050048828125,248109
2647,2022-12-05 00:00:00+05:30,1560.0,1586.0,1557.800048828125,1569.449951171875,214363
2648,2022-12-06 00:00:00+05:30,1565.0,1577.449951171875,1555.050048828125,1560.300048828125,202317
2649,2022-12-07 00:00:00+05:30,1561.0,1588.25,1561.0,1566.5,329462
2650,2022-12-08 00:00:00+05:30,1566.0,1605.0,1565.0,1581.699951171875,521270
2651,2022-12-09 00:00:00+05:30,1588.949951171875,1599.5999755859375,1547.6500244140625,1564.9000244140625,341094
2652,2022-12-12 00:00:00+05:30,1557.0999755859375,1586.8499755859375,1556.6500244140625,1582.949951171875,148432
2653,2022-12-13 00:00:00+05:30,1584.0,1650.0,1582.949951171875,1644.3499755859375,1365939
2654,2022-12-14 00:00:00+05:30,1651.949951171875,1669.0,1638.75,1660.0999755859375,417942
2655,2022-12-15 00:00:00+05:30,1658.0,1665.8499755859375,1640.0,1647.5999755859375,253369
2656,2022-12-16 00:00:00+05:30,1632.0,1664.949951171875,1629.1500244140625,1644.300048828125,564573
2657,2022-12-19 00:00:00+05:30,1642.9000244140625,1664.800048828125,1634.1500244140625,1658.550048828125,221580
2658,2022-12-20 00:00:00+05:30,1650.0,1697.0999755859375,1638.8499755859375,1644.1500244140625,932620
2659,2022-12-21 00:00:00+05:30,1650.0,1660.0,1575.6500244140625,1594.050048828125,267906
2660,2022-12-22 00:00:00+05:30,1594.949951171875,1601.9000244140625,1570.5,1577.699951171875,202652
2661,2022-12-23 00:00:00+05:30,1574.949951171875,1574.949951171875,1531.550048828125,1545.050048828125,351559
2662,2022-12-26 00:00:00+05:30,1540.0999755859375,1583.8499755859375,1521.0999755859375,1572.75,120760
2663,2022-12-27 00:00:00+05:30,1572.75,1587.8499755859375,1546.550048828125,1556.800048828125,118608
2664,2022-12-28 00:00:00+05:30,1557.9000244140625,1564.949951171875,1542.9000244140625,1554.0999755859375,88756
2665,2022-12-29 00:00:00+05:30,1540.0,1559.949951171875,1535.0,1551.0999755859375,87332
